698.231392 96.500868 
700.160208 96.530522 
702.089024 96.581102 
704.017840 96.657196 
705.946656 96.757855 
707.875472 96.880498 
709.804288 97.022273 
711.733104 97.174631 
713.661920 97.326339 
715.590736 97.469821 
717.519552 97.592152 
719.448368 97.683160 
721.377184 97.735964 
723.306000 97.747290 
725.234816 97.710262 
727.163632 97.621562 
729.092448 97.480980 
731.021264 97.297058 
732.950080 97.084059 
734.878896 96.861381 
736.807712 96.645897 
738.736528 96.453235 
740.665344 96.297522 
742.594160 96.187915 
744.522976 96.133016 
746.451792 96.139522 
748.380608 96.208660 
750.309424 96.328761 
752.238240 96.483221 
754.167056 96.656839 
756.095872 96.829427 
758.024688 96.986294 
759.953504 97.118927 
761.882320 97.225640 
763.811136 97.306360 
765.739952 97.363689 
767.668768 97.396904 
769.597584 97.408421 
771.526400 97.408257 
773.455216 97.403558 
775.384032 97.399158 
777.312848 97.397673 
779.241664 97.404126 
781.170480 97.418127 
783.099296 97.436875 
785.028112 97.459877 
786.956928 97.490618 
788.885744 97.532021 
790.814560 97.581087 
792.743376 97.632883 
794.672192 97.682140 
796.601008 97.726488 
798.529824 97.766721 
800.458640 97.805005 
802.387456 97.842647 
804.316272 97.877369 
806.245088 97.907861 
808.173904 97.933668 
810.102720 97.960298 
812.031536 97.989827 
813.960352 98.022746 
815.889168 98.055754 
817.817984 98.089061 
819.746800 98.122453 
821.675616 98.150720 
823.604432 98.173717 
825.533248 98.193536 
827.462064 98.210975 
829.390880 98.227205 
831.319696 98.238832 
833.248512 98.242692 
835.177328 98.241584 
837.106144 98.237591 
839.034960 98.228813 
840.963776 98.215535 
842.892592 98.197007 
844.821408 98.177364 
846.750224 98.156766 
848.679040 98.134245 
850.607856 98.113403 
852.536672 98.093460 
854.465488 98.077321 
856.394304 98.067476 
858.323120 98.058620 
860.251936 98.050684 
862.180752 98.045639 
864.109568 98.041098 
866.038384 98.035172 
867.967200 98.024811 
869.896016 98.007864 
871.824832 97.988265 
873.753648 97.969460 
875.682464 97.951832 
877.611280 97.934979 
879.540096 97.918866 
881.468912 97.908744 
883.397728 97.905513 
885.326544 97.910508 
887.255360 97.926975 
889.184176 97.952738 
891.112992 97.987374 
893.041808 98.027078 
894.970624 98.064377 
896.899440 98.096334 
898.828256 98.123375 
900.757072 98.145062 
902.685888 98.158925 
904.614704 98.163326 
906.543520 98.157405 
908.472336 98.145050 
910.401152 98.128670 
912.329968 98.110707 
914.258784 98.091970 
916.187600 98.075317 
918.116416 98.065399 
920.045232 98.061147 
921.974048 98.061273 
923.902864 98.065412 
925.831680 98.074163 
927.760496 98.087107 
929.689312 98.103750 
931.618128 98.121748 
933.546944 98.137913 
935.475760 98.151089 
937.404576 98.157469 
939.333392 98.154369 
941.262208 98.141159 
943.191024 98.118098 
945.119840 98.085334 
947.048656 98.044171 
948.977472 97.998483 
950.906288 97.950110 
952.835104 97.901570 
954.763920 97.853872 
956.692736 97.808886 
958.621552 97.769460 
960.550368 97.736185 
962.479184 97.705312 
964.408000 97.674666 
966.336816 97.643503 
968.265632 97.610144 
970.194448 97.573043 
972.123264 97.533707 
974.052080 97.494347 
975.980896 97.457101 
977.909712 97.423673 
979.838528 97.394430 
981.767344 97.367846 
983.696160 97.344060 
985.624976 97.323443 
987.553792 97.304592 
989.482608 97.286286 
991.411424 97.267404 
993.340240 97.244870 
995.269056 97.218521 
997.197872 97.187616 
999.126688 97.151084 
1001.055504 97.109085 
1002.984320 97.063349 
1004.913136 97.016681 
1006.841952 96.969031 
1008.770768 96.917873 
1010.699584 96.861147 
1012.628400 96.798789 
1014.557216 96.734009 
1016.486032 96.668155 
1018.414848 96.599011 
1020.343664 96.525102 
1022.272480 96.446887 
1024.201296 96.362833 
1026.130112 96.272253 
1028.058928 96.177870 
1029.987744 96.083446 
1031.916560 95.993344 
1033.845376 95.911368 
1035.774192 95.841706 
1037.703008 95.786072 
1039.631824 95.746881 
1041.560640 95.727513 
1043.489456 95.727936 
1045.418272 95.746020 
1047.347088 95.775410 
1049.275904 95.805466 
1051.204720 95.824365 
1053.133536 95.822832 
1055.062352 95.795208 
1056.991168 95.739153 
1058.919984 95.658899 
1060.848800 95.561906 
1062.777616 95.458564 
1064.706432 95.359717 
1066.635248 95.277524 
1068.564064 95.223437 
1070.492880 95.208321 
1072.421696 95.238772 
1074.350512 95.314788 
1076.279328 95.429857 
1078.208144 95.574639 
1080.136960 95.736883 
1082.065776 95.902002 
1083.994592 96.058229 
1085.923408 96.199361 
1087.852224 96.319312 
1089.781040 96.412873 
1091.709856 96.475656 
1093.638672 96.503322 
1095.567488 96.495869 
1097.496304 96.455625 
1099.425120 96.382980 
1101.353936 96.281817 
1103.282752 96.158774 
1105.211568 96.019376 
1107.140384 95.865256 
1109.069200 95.702855 
1110.998016 95.541999 
1112.926832 95.392740 
1114.855648 95.263490 
1116.784464 95.160489 
1118.713280 95.088044 
1120.642096 95.047389 
1122.570912 95.037417 
1124.499728 95.052981 
1126.428544 95.091443 
1128.357360 95.152349 
1130.286176 95.233531 
1132.214992 95.331951 
1134.143808 95.442815 
1136.072624 95.563018 
1138.001440 95.689453 
1139.930256 95.819748 
1141.859072 95.950685 
1143.787888 96.078827 
1145.716704 96.200434 
1147.645520 96.311411 
1149.574336 96.408087 
1151.503152 96.487489 
1153.431968 96.551056 
1155.360784 96.600852 
1157.289600 96.640526 
1159.218416 96.676878 
1161.147232 96.713636 
1163.076048 96.751229 
1165.004864 96.791635 
1166.933680 96.837889 
1168.862496 96.889880 
1170.791312 96.944819 
1172.720128 97.000358 
1174.648944 97.054605 
1176.577760 97.104700 
1178.506576 97.147577 
1180.435392 97.182995 
1182.364208 97.212690 
1184.293024 97.239116 
1186.221840 97.264085 
1188.150656 97.286682 
1190.079472 97.307278 
1192.008288 97.328021 
1193.937104 97.349634 
1195.865920 97.371617 
1197.794736 97.391677 
1199.723552 97.408964 
1201.652368 97.422839 
1203.581184 97.432916 
1205.510000 97.439231 
1207.438816 97.442289 
1209.367632 97.442306 
1211.296448 97.439863 
1213.225264 97.433696 
1215.154080 97.421463 
1217.082896 97.402531 
1219.011712 97.376295 
1220.940528 97.341235 
1222.869344 97.296466 
1224.798160 97.239935 
1226.726976 97.169738 
1228.655792 97.084097 
1230.584608 96.983517 
1232.513424 96.868669 
1234.442240 96.741005 
1236.371056 96.602438 
1238.299872 96.455377 
1240.228688 96.301216 
1242.157504 96.142567 
1244.086320 95.983233 
1246.015136 95.827864 
1247.943952 95.681230 
1249.872768 95.546622 
1251.801584 95.424985 
1253.730400 95.316820 
1255.659216 95.222311 
1257.588032 95.142440 
1259.516848 95.076231 
1261.445664 95.022635 
1263.374480 94.979916 
1265.303296 94.945873 
1267.232112 94.919196 
1269.160928 94.899245 
1271.089744 94.884924 
1273.018560 94.876624 
1274.947376 94.876322 
1276.876192 94.885089 
1278.805008 94.903609 
1280.733824 94.932800 
1282.662640 94.974224 
1284.591456 95.029823 
1286.520272 95.100391 
1288.449088 95.187018 
1290.377904 95.289582 
1292.306720 95.407027 
1294.235536 95.538447 
1296.164352 95.681891 
1298.093168 95.834352 
1300.021984 95.993731 
1301.950800 96.158035 
1303.879616 96.324341 
1305.808432 96.490170 
1307.737248 96.653423 
1309.666064 96.812651 
1311.594880 96.966432 
1313.523696 97.113652 
1315.452512 97.253774 
1317.381328 97.384696 
1319.310144 97.505401 
1321.238960 97.615215 
1323.167776 97.713096 
1325.096592 97.798359 
1327.025408 97.870930 
1328.954224 97.930863 
1330.883040 97.979847 
1332.811856 98.020176 
1334.740672 98.053582 
1336.669488 98.082262 
1338.598304 98.108066 
1340.527120 98.132667 
1342.455936 98.156809 
1344.384752 98.180043 
1346.313568 98.202142 
1348.242384 98.221492 
1350.171200 98.237060 
1352.100016 98.246986 
1354.028832 98.250772 
1355.957648 98.247019 
1357.886464 98.235755 
1359.815280 98.216939 
1361.744096 98.191280 
1363.672912 98.160880 
1365.601728 98.127595 
1367.530544 98.093704 
1369.459360 98.061224 
1371.388176 98.032420 
1373.316992 98.008632 
1375.245808 97.991023 
1377.174624 97.981169 
1379.103440 97.979532 
1381.032256 97.985952 
1382.961072 97.998813 
1384.889888 98.017756 
1386.818704 98.040642 
1388.747520 98.066094 
1390.676336 98.092618 
1392.605152 98.118681 
1394.533968 98.143284 
1396.462784 98.165957 
1398.391600 98.186528 
1400.320416 98.204516 
1402.249232 98.219959 
1404.178048 98.232968 
1406.106864 98.243747 
1408.035680 98.251880 
1409.964496 98.257538 
1411.893312 98.259975 
1413.822128 98.258117 
1415.750944 98.251788 
1417.679760 98.240752 
1419.608576 98.224251 
1421.537392 98.201624 
1423.466208 98.172610 
1425.395024 98.137202 
1427.323840 98.095531 
1429.252656 98.047894 
1431.181472 97.995136 
1433.110288 97.938434 
1435.039104 97.879028 
1436.967920 97.818246 
1438.896736 97.757575 
1440.825552 97.699351 
1442.754368 97.645333 
1444.683184 97.598037 
1446.612000 97.559345 
1448.540816 97.531331 
1450.469632 97.515490 
1452.398448 97.512653 
1454.327264 97.523407 
1456.256080 97.547764 
1458.184896 97.585023 
1460.113712 97.633950 
1462.042528 97.692826 
1463.971344 97.759426 
1465.900160 97.831245 
1467.828976 97.905405 
1469.757792 97.979068 
1471.686608 98.049771 
1473.615424 98.115619 
1475.544240 98.175565 
1477.473056 98.228519 
1479.401872 98.274095 
1481.330688 98.312845 
1483.259504 98.345319 
1485.188320 98.372781 
1487.117136 98.396789 
1489.045952 98.418599 
1490.974768 98.439313 
1492.903584 98.460063 
1494.832400 98.481678 
1496.761216 98.504685 
1498.690032 98.529055 
1500.618848 98.554487 
1502.547664 98.580971 
1504.476480 98.607684 
1506.405296 98.633433 
1508.334112 98.658127 
1510.262928 98.680678 
1512.191744 98.700684 
1514.120560 98.717671 
1516.049376 98.731286 
1517.978192 98.742420 
1519.907008 98.749881 
1521.835824 98.754762 
1523.764640 98.758251 
1525.693456 98.761059 
1527.622272 98.763764 
1529.551088 98.766993 
1531.479904 98.770621 
1533.408720 98.774728 
1535.337536 98.779464 
1537.266352 98.783441 
1539.195168 98.787002 
1541.123984 98.789357 
1543.052800 98.790867 
1544.981616 98.789629 
1546.910432 98.784448 
1548.839248 98.777182 
1550.768064 98.766456 
1552.696880 98.755472 
1554.625696 98.745327 
1556.554512 98.735893 
1558.483328 98.726922 
1560.412144 98.716878 
1562.340960 98.704954 
1564.269776 98.690656 
1566.198592 98.674146 
1568.127408 98.654152 
1570.056224 98.630593 
1571.985040 98.604032 
1573.913856 98.575224 
1575.842672 98.543004 
1577.771488 98.508893 
1579.700304 98.477368 
1581.629120 98.448712 
1583.557936 98.424659 
1585.486752 98.404896 
1587.415568 98.387996 
1589.344384 98.374073 
1591.273200 98.362121 
1593.202016 98.352615 
1595.130832 98.345594 
1597.059648 98.341524 
1598.988464 98.341255 
1600.917280 98.342784 
1602.846096 98.346704 
1604.774912 98.353189 
1606.703728 98.361735 
1608.632544 98.372428 
1610.561360 98.385589 
1612.490176 98.398980 
1614.418992 98.411728 
1616.347808 98.422627 
1618.276624 98.430496 
1620.205440 98.435545 
1622.134256 98.437404 
1624.063072 98.436329 
1625.991888 98.432882 
1627.920704 98.427865 
1629.849520 98.422114 
1631.778336 98.414198 
1633.707152 98.405677 
1635.635968 98.397081 
1637.564784 98.389185 
1639.493600 98.382469 
1641.422416 98.377584 
1643.351232 98.374667 
1645.280048 98.373182 
1647.208864 98.372335 
1649.137680 98.371958 
1651.066496 98.371805 
1652.995312 98.371621 
1654.924128 98.370992 
1656.852944 98.369440 
1658.781760 98.366386 
1660.710576 98.361490 
1662.639392 98.353485 
1664.568208 98.343466 
1666.497024 98.330597 
1668.425840 98.314571 
1670.354656 98.295140 
1672.283472 98.271551 
1674.212288 98.243770 
1676.141104 98.211796 
1678.069920 98.176419 
1679.998736 98.138092 
1681.927552 98.096063 
1683.856368 98.050828 
1685.785184 98.002743 
1687.714000 97.951722 
1689.642816 97.897274 
1691.571632 97.839714 
1693.500448 97.775741 
1695.429264 97.707197 
1697.358080 97.632287 
1699.286896 97.551565 
1701.215712 97.460911 
1703.144528 97.357010 
1705.073344 97.238862 
1707.002160 97.105849 
1708.930976 96.958601 
1710.859792 96.800763 
1712.788608 96.636414 
1714.717424 96.472251 
1716.646240 96.315116 
1718.575056 96.172395 
1720.503872 96.052155 
1722.432688 95.964648 
1724.361504 95.914488 
1726.290320 95.908651 
1728.219136 95.944488 
1730.147952 96.020540 
1732.076768 96.129829 
1734.005584 96.267034 
1735.934400 96.426679 
1737.863216 96.601102 
1739.792032 96.784428 
1741.720848 96.971767 
1743.649664 97.157363 
1745.578480 97.336892 
1747.507296 97.507531 
1749.436112 97.667820 
1751.364928 97.817902 
1753.293744 97.958788 
1755.222560 98.087884 
1757.151376 98.204061 
1759.080192 98.304055 
1761.009008 98.390331 
1762.937824 98.464115 
1764.866640 98.525661 
1766.795456 98.577482 
1768.724272 98.620051 
1770.653088 98.655689 
1772.581904 98.685786 
1774.510720 98.711545 
1776.439536 98.734097 
1778.368352 98.754535 
1780.297168 98.773396 
1782.225984 98.791084 
1784.154800 98.807873 
1786.083616 98.823574 
1788.012432 98.838146 
1789.941248 98.851167 
1791.870064 98.862998 
1793.798880 98.873635 
1795.727696 98.882863 
1797.656512 98.891930 
1799.585328 98.900376 
1801.514144 98.908287 
1803.442960 98.915717 
1805.371776 98.922722 
1807.300592 98.929366 
1809.229408 98.935756 
1811.158224 98.941856 
1813.087040 98.947569 
1815.015856 98.952491 
1816.944672 98.956806 
1818.873488 98.960743 
1820.802304 98.964497 
1822.731120 98.968447 
1824.659936 98.972051 
1826.588752 98.975609 
1828.517568 98.979335 
1830.446384 98.983372 
1832.375200 98.987704 
1834.304016 98.992271 
1836.232832 98.997052 
1838.161648 99.001924 
1840.090464 99.006665 
1842.019280 99.010998 
1843.948096 99.014680 
1845.876912 99.017527 
1847.805728 99.019868 
1849.734544 99.021388 
1851.663360 99.021389 
1853.592176 99.020422 
1855.520992 99.018124 
1857.449808 99.015270 
1859.378624 99.012034 
1861.307440 99.008553 
1863.236256 99.004937 
1865.165072 99.001320 
1867.093888 98.997821 
1869.022704 98.994496 
1870.951520 98.991414 
1872.880336 98.988503 
1874.809152 98.985880 
1876.737968 98.983536 
1878.666784 98.981488 
1880.595600 98.979637 
1882.524416 98.977807 
1884.453232 98.976834 
1886.382048 98.976600 
1888.310864 98.977209 
1890.239680 98.978662 
1892.168496 98.980909 
1894.097312 98.983789 
1896.026128 98.987058 
1897.954944 98.990441 
1899.883760 98.993692 
1901.812576 98.996619 
1903.741392 98.998937 
1905.670208 99.000747 
1907.599024 99.001466 
1909.527840 99.001205 
1911.456656 99.000055 
1913.385472 98.998077 
1915.314288 98.995458 
1917.243104 98.992352 
1919.171920 98.988876 
1921.100736 98.985270 
1923.029552 98.981434 
1924.958368 98.977538 
1926.887184 98.973865 
1928.816000 98.970562 
1930.744816 98.967660 
1932.673632 98.965661 
1934.602448 98.964435 
1936.531264 98.964270 
1938.460080 98.964749 
1940.388896 98.966056 
1942.317712 98.967827 
1944.246528 98.970297 
1946.175344 98.973696 
1948.104160 98.977258 
1950.032976 98.980277 
1951.961792 98.982497 
1953.890608 98.983649 
1955.819424 98.983646 
1957.748240 98.982265 
1959.677056 98.979706 
1961.605872 98.976007 
1963.534688 98.971682 
1965.463504 98.966941 
1967.392320 98.962629 
1969.321136 98.958879 
1971.249952 98.956646 
1973.178768 98.956275 
1975.107584 98.957605 
1977.036400 98.961114 
1978.965216 98.966268 
1980.894032 98.972434 
1982.822848 98.978897 
1984.751664 98.984948 
1986.680480 98.990279 
1988.609296 98.994775 
1990.538112 98.998143 
1992.466928 98.999801 
1994.395744 98.999995 
1996.324560 98.999304 
1998.253376 98.998578 
2000.182192 98.997989 
2002.111008 98.998147 
2004.039824 98.999126 
2005.968640 98.999993 
2007.897456 99.000771 
2009.826272 99.001623 
2011.755088 99.002580 
2013.683904 99.003987 
2015.612720 99.006135 
2017.541536 99.008932 
2019.470352 99.011913 
2021.399168 99.015097 
2023.327984 99.019108 
2025.256800 99.024138 
2027.185616 99.029855 
2029.114432 99.035980 
2031.043248 99.041401 
2032.972064 99.045575 
2034.900880 99.048885 
2036.829696 99.050853 
2038.758512 99.051633 
2040.687328 99.052374 
2042.616144 99.053556 
2044.544960 99.055074 
2046.473776 99.056331 
2048.402592 99.057284 
2050.331408 99.057787 
2052.260224 99.057676 
2054.189040 99.057197 
2056.117856 99.056288 
2058.046672 99.054740 
2059.975488 99.052654 
2061.904304 99.050161 
2063.833120 99.047419 
2065.761936 99.045151 
2067.690752 99.043580 
2069.619568 99.043474 
2071.548384 99.045192 
2073.477200 99.047830 
2075.406016 99.050861 
2077.334832 99.053954 
2079.263648 99.057112 
2081.192464 99.060140 
2083.121280 99.063094 
2085.050096 99.066760 
2086.978912 99.071051 
2088.907728 99.075019 
2090.836544 99.077804 
2092.765360 99.078877 
2094.694176 99.078436 
2096.622992 99.077366 
2098.551808 99.075458 
2100.480624 99.072987 
2102.409440 99.069882 
2104.338256 99.065609 
2106.267072 99.060517 
2108.195888 99.054902 
2110.124704 99.050045 
2112.053520 99.047619 
2113.982336 99.047034 
2115.911152 99.047532 
2117.839968 99.048611 
2119.768784 99.049888 
2121.697600 99.051379 
2123.626416 99.053715 
2125.555232 99.057470 
2127.484048 99.061922 
2129.412864 99.064986 
2131.341680 99.066193 
2133.270496 99.065941 
2135.199312 99.064224 
2137.128128 99.061373 
2139.056944 99.058151 
2140.985760 99.054946 
2142.914576 99.052008 
2144.843392 99.048686 
2146.772208 99.045439 
2148.701024 99.043509 
2150.629840 99.043202 
2152.558656 99.044264 
2154.487472 99.046391 
2156.416288 99.049147 
2158.345104 99.052538 
2160.273920 99.056439 
2162.202736 99.060543 
2164.131552 99.064808 
2166.060368 99.068877 
2167.989184 99.072496 
2169.918000 99.075512 
2171.846816 99.077561 
2173.775632 99.078788 
2175.704448 99.079344 
2177.633264 99.079091 
2179.562080 99.078069 
2181.490896 99.075678 
2183.419712 99.071876 
2185.348528 99.067530 
2187.277344 99.063203 
2189.206160 99.059407 
2191.134976 99.056455 
2193.063792 99.054559 
2194.992608 99.054362 
2196.921424 99.055693 
2198.850240 99.058425 
2200.779056 99.063081 
2202.707872 99.069517 
2204.636688 99.077300 
2206.565504 99.085676 
2208.494320 99.093597 
2210.423136 99.100820 
2212.351952 99.106736 
2214.280768 99.111595 
2216.209584 99.116049 
2218.138400 99.119798 
2220.067216 99.122972 
2221.996032 99.126506 
2223.924848 99.130099 
2225.853664 99.133707 
2227.782480 99.136813 
2229.711296 99.138929 
2231.640112 99.140458 
2233.568928 99.141293 
2235.497744 99.140905 
2237.426560 99.138650 
2239.355376 99.134342 
2241.284192 99.128868 
2243.213008 99.122547 
2245.141824 99.116051 
2247.070640 99.110225 
2248.999456 99.105908 
2250.928272 99.102675 
2252.857088 99.100504 
2254.785904 99.098588 
2256.714720 99.097241 
2258.643536 99.096324 
2260.572352 99.095558 
2262.501168 99.095155 
2264.429984 99.094765 
2266.358800 99.093906 
2268.287616 99.092659 
2270.216432 99.091137 
2272.145248 99.089675 
2274.074064 99.087995 
2276.002880 99.085821 
2277.931696 99.083415 
2279.860512 99.080881 
2281.789328 99.077295 
2283.718144 99.072832 
2285.646960 99.067404 
2287.575776 99.060960 
2289.504592 99.053512 
2291.433408 99.045102 
2293.362224 99.035731 
2295.291040 99.025582 
2297.219856 99.014939 
2299.148672 99.004095 
2301.077488 98.993420 
2303.006304 98.983413 
2304.935120 98.974622 
2306.863936 98.967483 
2308.792752 98.962441 
2310.721568 98.959939 
2312.650384 98.960318 
2314.579200 98.963599 
2316.508016 98.969344 
2318.436832 98.976895 
2320.365648 98.985417 
2322.294464 98.994182 
2324.223280 99.002673 
2326.152096 99.010342 
2328.080912 99.016608 
2330.009728 99.021137 
2331.938544 99.023964 
2333.867360 99.025149 
2335.796176 99.024840 
2337.724992 99.023269 
2339.653808 99.021024 
2341.582624 99.018705 
2343.511440 99.016674 
2345.440256 99.015238 
2347.369072 99.014612 
2349.297888 99.014970 
2351.226704 99.016534 
2353.155520 99.019480 
2355.084336 99.023804 
2357.013152 99.029242 
2358.941968 99.035434 
2360.870784 99.041958 
2362.799600 99.048388 
2364.728416 99.054023 
2366.657232 99.058859 
2368.586048 99.063009 
2370.514864 99.066576 
2372.443680 99.069230 
2374.372496 99.071269 
2376.301312 99.073507 
2378.230128 99.075940 
2380.158944 99.077505 
2382.087760 99.077768 
2384.016576 99.076773 
2385.945392 99.074509 
2387.874208 99.070892 
2389.803024 99.066118 
2391.731840 99.060488 
2393.660656 99.054372 
2395.589472 99.047987 
2397.518288 99.041966 
2399.447104 99.036441 
2401.375920 99.032576 
2403.304736 99.031098 
2405.233552 99.032346 
2407.162368 99.036078 
2409.091184 99.041634 
2411.020000 99.048092 
2412.948816 99.054979 
2414.877632 99.061901 
2416.806448 99.069315 
2418.735264 99.077492 
2420.664080 99.086109 
2422.592896 99.094534 
2424.521712 99.101846 
2426.450528 99.107230 
2428.379344 99.110650 
2430.308160 99.112397 
2432.236976 99.113932 
2434.165792 99.115256 
2436.094608 99.114858 
2438.023424 99.112051 
2439.952240 99.107099 
2441.881056 99.100424 
2443.809872 99.092826 
2445.738688 99.085057 
2447.667504 99.078242 
2449.596320 99.072344 
2451.525136 99.066568 
2453.453952 99.060783 
2455.382768 99.055463 
2457.311584 99.051323 
2459.240400 99.048911 
2461.169216 99.048670 
2463.098032 99.050328 
2465.026848 99.053250 
2466.955664 99.056610 
2468.884480 99.059935 
2470.813296 99.062790 
2472.742112 99.065136 
2474.670928 99.067482 
2476.599744 99.069125 
2478.528560 99.069461 
2480.457376 99.068136 
2482.386192 99.064778 
2484.315008 99.060017 
2486.243824 99.054563 
2488.172640 99.049304 
2490.101456 99.044876 
2492.030272 99.041728 
2493.959088 99.039702 
2495.887904 99.038995 
2497.816720 99.039477 
2499.745536 99.040879 
2501.674352 99.043066 
2503.603168 99.046397 
2505.531984 99.051399 
2507.460800 99.056155 
2509.389616 99.059377 
2511.318432 99.061699 
2513.247248 99.063051 
2515.176064 99.063498 
2517.104880 99.063236 
2519.033696 99.062509 
2520.962512 99.061345 
2522.891328 99.059591 
2524.820144 99.057254 
2526.748960 99.055200 
2528.677776 99.054131 
2530.606592 99.054309 
2532.535408 99.056015 
2534.464224 99.058396 
2536.393040 99.060608 
2538.321856 99.062124 
2540.250672 99.063021 
2542.179488 99.063473 
2544.108304 99.062852 
2546.037120 99.061670 
2547.965936 99.060424 
2549.894752 99.058371 
2551.823568 99.055926 
2553.752384 99.053802 
2555.681200 99.051541 
2557.610016 99.049327 
2559.538832 99.048047 
2561.467648 99.047459 
2563.396464 99.047981 
2565.325280 99.049789 
2567.254096 99.052929 
2569.182912 99.057896 
2571.111728 99.064466 
2573.040544 99.072529 
2574.969360 99.081494 
2576.898176 99.090146 
2578.826992 99.097943 
2580.755808 99.103919 
2582.684624 99.107456 
2584.613440 99.108698 
2586.542256 99.106908 
2588.471072 99.103158 
2590.399888 99.099801 
2592.328704 99.096801 
2594.257520 99.094120 
2596.186336 99.092490 
2598.115152 99.091938 
2600.043968 99.093208 
2601.972784 99.096670 
2603.901600 99.101331 
2605.830416 99.105976 
2607.759232 99.110064 
2609.688048 99.113862 
2611.616864 99.116619 
2613.545680 99.117267 
2615.474496 99.117021 
2617.403312 99.116536 
2619.332128 99.115664 
2621.260944 99.113534 
2623.189760 99.109151 
2625.118576 99.102598 
2627.047392 99.095150 
2628.976208 99.087401 
2630.905024 99.079621 
2632.833840 99.072558 
2634.762656 99.066891 
2636.691472 99.062921 
2638.620288 99.060477 
2640.549104 99.059520 
2642.477920 99.060788 
2644.406736 99.064852 
2646.335552 99.072113 
2648.264368 99.081243 
2650.193184 99.091162 
2652.122000 99.101484 
2654.050816 99.111795 
2655.979632 99.121986 
2657.908448 99.131249 
2659.837264 99.139221 
2661.766080 99.145307 
2663.694896 99.149714 
2665.623712 99.152542 
2667.552528 99.153332 
2669.481344 99.152576 
2671.410160 99.151850 
2673.338976 99.152277 
2675.267792 99.153537 
2677.196608 99.155604 
2679.125424 99.157577 
2681.054240 99.159467 
2682.983056 99.161445 
2684.911872 99.162115 
2686.840688 99.161496 
2688.769504 99.159503 
2690.698320 99.157226 
2692.627136 99.154974 
2694.555952 99.153307 
2696.484768 99.153232 
2698.413584 99.154902 
2700.342400 99.158212 
2702.271216 99.162935 
2704.200032 99.168339 
2706.128848 99.173615 
2708.057664 99.178503 
2709.986480 99.182008 
2711.915296 99.183732 
2713.844112 99.183701 
2715.772928 99.181552 
2717.701744 99.177922 
2719.630560 99.173727 
2721.559376 99.170042 
2723.488192 99.166968 
2725.417008 99.164466 
2727.345824 99.163199 
2729.274640 99.162688 
2731.203456 99.161807 
2733.132272 99.160512 
2735.061088 99.159171 
2736.989904 99.158852 
2738.918720 99.160316 
2740.847536 99.162527 
2742.776352 99.164005 
2744.705168 99.164766 
2746.633984 99.165381 
2748.562800 99.166213 
2750.491616 99.166970 
2752.420432 99.167680 
2754.349248 99.168933 
2756.278064 99.170428 
2758.206880 99.171370 
2760.135696 99.171637 
2762.064512 99.171847 
2763.993328 99.173051 
2765.922144 99.175126 
2767.850960 99.177332 
2769.779776 99.178791 
2771.708592 99.178201 
2773.637408 99.175590 
2775.566224 99.172805 
2777.495040 99.170166 
2779.423856 99.167357 
2781.352672 99.164497 
2783.281488 99.161585 
2785.210304 99.157929 
2787.139120 99.152765 
2789.067936 99.146271 
2790.996752 99.139407 
2792.925568 99.132673 
2794.854384 99.125789 
2796.783200 99.118483 
2798.712016 99.110750 
2800.640832 99.103930 
2802.569648 99.098504 
2804.498464 99.094990 
2806.427280 99.094275 
2808.356096 99.095058 
2810.284912 99.095984 
2812.213728 99.097160 
2814.142544 99.097723 
2816.071360 99.096867 
2818.000176 99.095068 
2819.928992 99.091724 
2821.857808 99.084916 
2823.786624 99.074180 
2825.715440 99.059144 
2827.644256 99.038463 
2829.573072 99.010426 
2831.501888 98.974438 
2833.430704 98.929129 
2835.359520 98.872630 
2837.288336 98.805041 
2839.217152 98.728669 
2841.145968 98.647078 
2843.074784 98.565237 
2845.003600 98.487950 
2846.932416 98.418591 
2848.861232 98.360060 
2850.790048 98.314920 
2852.718864 98.285268 
2854.647680 98.272576 
2856.576496 98.275951 
2858.505312 98.291888 
2860.434128 98.316597 
2862.362944 98.346352 
2864.291760 98.377172 
2866.220576 98.407310 
2868.149392 98.437196 
2870.078208 98.466362 
2872.007024 98.492966 
2873.935840 98.515997 
2875.864656 98.534397 
2877.793472 98.546930 
2879.722288 98.553106 
2881.651104 98.552587 
2883.579920 98.545033 
2885.508736 98.529932 
2887.437552 98.507118 
2889.366368 98.476865 
2891.295184 98.440421 
2893.224000 98.400568 
2895.152816 98.360149 
2897.081632 98.321013 
2899.010448 98.284487 
2900.939264 98.251753 
2902.868080 98.221320 
2904.796896 98.191169 
2906.725712 98.158940 
2908.654528 98.121857 
2910.583344 98.078482 
2912.512160 98.029189 
2914.440976 97.975893 
2916.369792 97.922020 
2918.298608 97.871626 
2920.227424 97.830127 
2922.156240 97.802323 
2924.085056 97.791966 
2926.013872 97.801732 
2927.942688 97.832657 
2929.871504 97.884102 
2931.800320 97.953166 
2933.729136 98.032011 
2935.657952 98.111886 
2937.586768 98.185711 
2939.515584 98.248931 
2941.444400 98.300124 
2943.373216 98.339034 
2945.302032 98.365330 
2947.230848 98.379886 
2949.159664 98.386156 
2951.088480 98.389574 
2953.017296 98.393716 
2954.946112 98.402282 
2956.874928 98.420313 
2958.803744 98.448582 
2960.732560 98.484384 
2962.661376 98.526061 
2964.590192 98.570737 
2966.519008 98.616612 
2968.447824 98.664109 
2970.376640 98.713743 
2972.305456 98.764231 
2974.234272 98.814025 
2976.163088 98.863464 
2978.091904 98.910696 
2980.020720 98.954825 
2981.949536 98.995814 
2983.878352 99.033507 
2985.807168 99.068636 
2987.735984 99.101051 
2989.664800 99.128686 
2991.593616 99.150034 
2993.522432 99.165322 
2995.451248 99.176938 
2997.380064 99.188196 
2999.308880 99.199136 
3001.237696 99.209982 
3003.166512 99.220958 
3005.095328 99.230609 
3007.024144 99.238400 
3008.952960 99.242000 
3010.881776 99.242397 
3012.810592 99.242505 
3014.739408 99.242424 
3016.668224 99.241503 
3018.597040 99.239693 
3020.525856 99.237556 
3022.454672 99.237420 
3024.383488 99.239622 
3026.312304 99.244940 
3028.241120 99.254920 
3030.169936 99.266963 
3032.098752 99.278619 
3034.027568 99.286890 
3035.956384 99.289102 
3037.885200 99.286774 
3039.814016 99.281055 
3041.742832 99.271571 
3043.671648 99.258709 
3045.600464 99.242625 
3047.529280 99.225116 
3049.458096 99.209226 
3051.386912 99.196666 
3053.315728 99.191622 
3055.244544 99.195426 
3057.173360 99.206996 
3059.102176 99.225913 
3061.030992 99.247882 
3062.959808 99.269481 
3064.888624 99.290122 
3066.817440 99.308073 
3068.746256 99.321885 
3070.675072 99.330331 
3072.603888 99.331056 
3074.532704 99.325204 
3076.461520 99.316295 
3078.390336 99.306589 
3080.319152 99.298624 
3082.247968 99.293532 
3084.176784 99.293342 
3086.105600 99.298316 
3088.034416 99.305922 
3089.963232 99.315655 
3091.892048 99.326672 
3093.820864 99.338257 
3095.749680 99.350957 
3097.678496 99.361769 
3099.607312 99.368399 
3101.536128 99.371309 
3103.464944 99.370161 
3105.393760 99.365968 
3107.322576 99.360357 
3109.251392 99.353187 
3111.180208 99.344720 
3113.109024 99.335937 
3115.037840 99.328188 
3116.966656 99.323571 
3118.895472 99.323357 
3120.824288 99.329264 
3122.753104 99.341194 
3124.681920 99.357442 
3126.610736 99.377171 
3128.539552 99.397255 
3130.468368 99.415744 
3132.397184 99.433003 
3134.326000 99.448393 
3136.254816 99.460186 
3138.183632 99.465297 
3140.112448 99.463899 
3142.041264 99.458051 
3143.970080 99.448697 
3145.898896 99.436953 
3147.827712 99.424170 
3149.756528 99.410626 
3151.685344 99.397701 
3153.614160 99.386258 
3155.542976 99.376309 
3157.471792 99.369862 
3159.400608 99.368439 
3161.329424 99.373371 
3163.258240 99.384261 
3165.187056 99.398828 
3167.115872 99.415176 
3169.044688 99.431094 
3170.973504 99.445357 
3172.902320 99.456191 
3174.831136 99.461259 
3176.759952 99.460895 
3178.688768 99.454409 
3180.617584 99.441624 
3182.546400 99.425232 
3184.475216 99.407708 
3186.404032 99.391391 
3188.332848 99.378890 
3190.261664 99.370936 
3192.190480 99.367577 
3194.119296 99.367865 
3196.048112 99.372005 
3197.976928 99.380047 
3199.905744 99.389879 
3201.834560 99.399164 
3203.763376 99.405717 
3205.692192 99.407125 
3207.621008 99.404794 
3209.549824 99.399249 
3211.478640 99.390459 
3213.407456 99.380700 
3215.336272 99.372041 
3217.265088 99.364430 
3219.193904 99.356990 
3221.122720 99.351040 
3223.051536 99.348467 
3224.980352 99.350020 
3226.909168 99.356775 
3228.837984 99.367384 
3230.766800 99.379963 
3232.695616 99.393517 
3234.624432 99.407040 
3236.553248 99.418205 
3238.482064 99.427131 
3240.410880 99.434706 
3242.339696 99.439859 
3244.268512 99.440510 
3246.197328 99.436501 
3248.126144 99.428938 
3250.054960 99.419830 
3251.983776 99.412072 
3253.912592 99.407745 
3255.841408 99.408081 
3257.770224 99.414375 
3259.699040 99.425115 
3261.627856 99.438554 
3263.556672 99.453052 
3265.485488 99.466738 
3267.414304 99.476704 
3269.343120 99.480304 
3271.271936 99.478088 
3273.200752 99.470555 
3275.129568 99.457168 
3277.058384 99.441081 
3278.987200 99.425116 
3280.916016 99.411903 
3282.844832 99.403648 
3284.773648 99.402217 
3286.702464 99.409116 
3288.631280 99.424425 
3290.560096 99.445554 
3292.488912 99.468989 
3294.417728 99.492812 
3296.346544 99.515092 
3298.275360 99.533465 
3300.204176 99.545212 
3302.132992 99.550556 
3304.061808 99.550837 
3305.990624 99.546846 
3307.919440 99.538526 
3309.848256 99.524429 
3311.777072 99.507149 
3313.705888 99.489361 
3315.634704 99.473148 
3317.563520 99.458785 
3319.492336 99.444656 
3321.421152 99.430073 
3323.349968 99.413687 
3325.278784 99.395586 
3327.207600 99.375572 
3329.136416 99.354097 
3331.065232 99.332980 
3332.994048 99.315421 
3334.922864 99.303250 
3336.851680 99.297769 
3338.780496 99.299573 
3340.709312 99.308327 
3342.638128 99.326816 
3344.566944 99.354522 
3346.495760 99.387379 
3348.424576 99.420926 
3350.353392 99.450591 
3352.282208 99.473006 
3354.211024 99.484764 
3356.139840 99.484564 
3358.068656 99.474350 
3359.997472 99.458346 
3361.926288 99.440168 
3363.855104 99.423178 
3365.783920 99.409202 
3367.712736 99.399905 
3369.641552 99.397147 
3371.570368 99.400477 
3373.499184 99.409510 
3375.428000 99.422776 
3377.356816 99.437402 
3379.285632 99.451016 
3381.214448 99.460960 
3383.143264 99.466565 
3385.072080 99.468611 
3387.000896 99.468999 
3388.929712 99.471855 
3390.858528 99.479490 
3392.787344 99.489538 
3394.716160 99.499915 
3396.644976 99.510243 
3398.573792 99.519757 
3400.502608 99.528658 
3402.431424 99.537395 
3404.360240 99.545274 
3406.289056 99.550895 
3408.217872 99.552458 
3410.146688 99.550544 
3412.075504 99.546161 
3414.004320 99.541134 
3415.933136 99.538204 
3417.861952 99.536316 
3419.790768 99.534074 
3421.719584 99.530443 
3423.648400 99.524478 
3425.577216 99.516096 
3427.506032 99.506882 
3429.434848 99.499184 
3431.363664 99.493761 
3433.292480 99.489853 
3435.221296 99.485927 
3437.150112 99.482674 
3439.078928 99.481594 
3441.007744 99.482555 
3442.936560 99.485614 
3444.865376 99.491808 
3446.794192 99.501794 
3448.723008 99.513172 
3450.651824 99.527332 
3452.580640 99.546116 
3454.509456 99.568394 
3456.438272 99.591077 
3458.367088 99.610898 
3460.295904 99.626559 
3462.224720 99.636362 
3464.153536 99.638987 
3466.082352 99.633620 
3468.011168 99.620430 
3469.939984 99.600809 
3471.868800 99.577312 
3473.797616 99.555226 
3475.726432 99.537742 
3477.655248 99.528214 
3479.584064 99.525491 
3481.512880 99.528283 
3483.441696 99.534710 
3485.370512 99.541873 
3487.299328 99.547574 
3489.228144 99.548963 
3491.156960 99.545926 
3493.085776 99.539017 
3495.014592 99.529240 
3496.943408 99.519936 
3498.872224 99.513177 
3500.801040 99.511833 
3502.729856 99.517291 
3504.658672 99.530381 
3506.587488 99.547200 
3508.516304 99.564978 
3510.445120 99.578577 
3512.373936 99.587106 
3514.302752 99.591011 
3516.231568 99.590242 
3518.160384 99.586434 
3520.089200 99.580955 
3522.018016 99.577339 
3523.946832 99.579939 
3525.875648 99.589764 
3527.804464 99.607428 
3529.733280 99.630974 
3531.662096 99.658177 
3533.590912 99.684470 
3535.519728 99.706257 
3537.448544 99.719861 
3539.377360 99.726384 
3541.306176 99.725541 
3543.234992 99.718620 
3545.163808 99.707139 
3547.092624 99.692597 
3549.021440 99.678626 
3550.950256 99.667779 
3552.879072 99.661960 
3554.807888 99.660909 
3556.736704 99.662078 
3558.665520 99.665090 
3560.594336 99.669462 
3562.523152 99.673618 
3564.451968 99.675344 
3566.380784 99.674557 
3568.309600 99.672408 
3570.238416 99.670263 
3572.167232 99.667457 
3574.096048 99.663784 
3576.024864 99.660915 
3577.953680 99.658897 
3579.882496 99.659292 
3581.811312 99.662227 
3583.740128 99.667696 
3585.668944 99.675376 
3587.597760 99.684728 
3589.526576 99.694989 
3591.455392 99.705254 
3593.384208 99.714471 
3595.313024 99.721603 
3597.241840 99.725639 
3599.170656 99.725921 
3601.099472 99.721910 
3603.028288 99.713865 
3604.957104 99.702004 
3606.885920 99.688545 
3608.814736 99.671718 
3610.743552 99.653076 
3612.672368 99.634129 
3614.601184 99.616082 
3616.530000 99.600038 
3618.458816 99.586883 
3620.387632 99.577219 
3622.316448 99.571481 
3624.245264 99.569764 
3626.174080 99.572013 
3628.102896 99.577893 
3630.031712 99.587484 
3631.960528 99.600159 
3633.889344 99.614290 
3635.818160 99.627606 
3637.746976 99.640720 
3639.675792 99.652049 
3641.604608 99.662218 
3643.533424 99.670771 
3645.462240 99.677227 
3647.391056 99.681249 
3649.319872 99.682445 
3651.248688 99.680713 
3653.177504 99.676279 
3655.106320 99.669176 
3657.035136 99.659770 
3658.963952 99.648115 
3660.892768 99.634559 
3662.821584 99.620234 
3664.750400 99.605484 
3666.679216 99.591672 
3668.608032 99.581038 
3670.536848 99.574183 
3672.465664 99.571165 
3674.394480 99.571898 
3676.323296 99.575766 
3678.252112 99.581998 
3680.180928 99.589738 
3682.109744 99.597726 
3684.038560 99.604744 
3685.967376 99.609818 
3687.896192 99.612952 
3689.825008 99.613415 
3691.753824 99.612507 
3693.682640 99.612121 
3695.611456 99.612656 
3697.540272 99.615054 
3699.469088 99.619664 
3701.397904 99.627366 
3703.326720 99.637607 
3705.255536 99.650124 
3707.184352 99.664346 
3709.113168 99.679340 
3711.041984 99.693977 
3712.970800 99.706997 
3714.899616 99.717584 
3716.828432 99.724763 
3718.757248 99.729109 
3720.686064 99.730294 
3722.614880 99.729320 
3724.543696 99.726536 
3726.472512 99.722766 
3728.401328 99.718995 
3730.330144 99.715629 
3732.258960 99.713666 
3734.187776 99.713899 
3736.116592 99.716331 
3738.045408 99.721303 
3739.974224 99.728577 
3741.903040 99.737699 
3743.831856 99.747985 
3745.760672 99.758543 
3747.689488 99.769060 
3749.618304 99.779687 
3751.547120 99.789483 
3753.475936 99.797911 
3755.404752 99.804585 
3757.333568 99.809731 
3759.262384 99.813503 
3761.191200 99.815930 
3763.120016 99.817101 
3765.048832 99.817599 
3766.977648 99.817018 
3768.906464 99.815982 
3770.835280 99.814433 
3772.764096 99.812339 
3774.692912 99.809872 
3776.621728 99.806589 
3778.550544 99.802716 
3780.479360 99.797646 
3782.408176 99.791671 
3784.336992 99.784220 
3786.265808 99.775725 
3788.194624 99.766629 
3790.123440 99.757672 
3792.052256 99.749249 
3793.981072 99.742064 
3795.909888 99.737525 
3797.838704 99.734671 
3799.767520 99.734270 
3801.696336 99.736372 
3803.625152 99.740895 
3805.553968 99.747348 
3807.482784 99.754246 
3809.411600 99.760756 
3811.340416 99.765005 
3813.269232 99.766706 
3815.198048 99.764592 
3817.126864 99.759115 
3819.055680 99.750553 
3820.984496 99.739599 
3822.913312 99.726716 
3824.842128 99.712004 
3826.770944 99.697600 
3828.699760 99.683863 
3830.628576 99.673076 
3832.557392 99.665967 
3834.486208 99.662953 
3836.415024 99.664616 
3838.343840 99.671132 
3840.272656 99.682395 
3842.201472 99.697862 
3844.130288 99.717731 
3846.059104 99.740824 
3847.987920 99.765324 
3849.916736 99.792018 
3851.845552 99.818282 
3853.774368 99.841927 
3855.703184 99.861225 
3857.632000 99.876208 
3859.560816 99.886034 
3861.489632 99.887920 
3863.418448 99.882346 
3865.347264 99.870339 
3867.276080 99.853650 
3869.204896 99.833913 
3871.133712 99.812813 
3873.062528 99.792329 
3874.991344 99.774296 
3876.920160 99.761803 
3878.848976 99.753678 
3880.777792 99.751160 
3882.706608 99.753569 
3884.635424 99.760343 
3886.564240 99.770202 
3888.493056 99.779824 
3890.421872 99.789092 
3892.350688 99.795396 
3894.279504 99.799889 
3896.208320 99.802211 
3898.137136 99.802156 
3900.065952 99.799909 
3901.994768 99.796202 
3903.923584 99.792164 
3905.852400 99.788751 
3907.781216 99.786862 
3909.710032 99.785486 
3911.638848 99.784979 
3913.567664 99.786371 
3915.496480 99.788279 
3917.425296 99.789671 
3919.354112 99.789348 
3921.282928 99.788936 
3923.211744 99.787651 
3925.140560 99.785687 
3927.069376 99.783457 
3928.998192 99.781480 
3930.927008 99.780405 
3932.855824 99.780229 
3934.784640 99.782775 
3936.713456 99.787841 
3938.642272 99.795067 
3940.571088 99.805360 
3942.499904 99.816617 
3944.428720 99.826901 
3946.357536 99.835536 
3948.286352 99.842330 
3950.215168 99.847246 
3952.143984 99.850120 
3954.072800 99.850762 
3956.001616 99.849644 
3957.930432 99.847814 
3959.859248 99.847128 
3961.788064 99.849421 
3963.716880 99.853885 
3965.645696 99.862003 
3967.574512 99.874546 
3969.503328 99.891447 
3971.432144 99.910851 
3973.360960 99.930554 
3975.289776 99.948074 
3977.218592 99.962680 
3979.147408 99.973062 
3981.076224 99.978024 
3983.005040 99.977056 
3984.933856 99.970358 
3986.862672 99.959380 
3988.791488 99.945869 
3990.720304 99.931661 
3992.649120 99.917673 
3994.577936 99.903719 
3996.506752 99.892085 
3998.435568 99.884662 
4000.364384 99.880469 