698.231392 86.700578 
700.160208 86.651324 
702.089024 86.642258 
704.017840 86.699973 
705.946656 86.850476 
707.875472 87.114078 
709.804288 87.512006 
711.733104 88.045217 
713.661920 88.649525 
715.590736 89.249340 
717.519552 89.748648 
719.448368 90.043901 
721.377184 90.037173 
723.306000 89.657268 
725.234816 88.870788 
727.163632 87.682314 
729.092448 86.144154 
731.021264 84.350896 
732.950080 82.437219 
734.878896 80.540977 
736.807712 78.789104 
738.736528 77.288804 
740.665344 76.127466 
742.594160 75.369644 
744.522976 75.047728 
746.451792 75.160982 
748.380608 75.677349 
750.309424 76.527861 
752.238240 77.616782 
754.167056 78.832892 
756.095872 80.066288 
758.024688 81.217083 
759.953504 82.210581 
761.882320 83.003927 
763.811136 83.588277 
765.739952 83.988525 
767.668768 84.247747 
769.597584 84.416688 
771.526400 84.553654 
773.455216 84.704624 
775.384032 84.900349 
777.312848 85.162792 
779.241664 85.505702 
781.170480 85.933144 
783.099296 86.433420 
785.028112 86.983172 
786.956928 87.556664 
788.885744 88.128446 
790.814560 88.673450 
792.743376 89.169374 
794.672192 89.598686 
796.601008 89.948946 
798.529824 90.218664 
800.458640 90.414456 
802.387456 90.548476 
804.316272 90.635054 
806.245088 90.680695 
808.173904 90.695189 
810.102720 90.697167 
812.031536 90.697544 
813.960352 90.702103 
815.889168 90.718497 
817.817984 90.752598 
819.746800 90.810808 
821.675616 90.893348 
823.604432 90.991238 
825.533248 91.092327 
827.462064 91.181438 
829.390880 91.240331 
831.319696 91.257934 
833.248512 91.229142 
835.177328 91.149683 
837.106144 91.021566 
839.034960 90.854486 
840.963776 90.660416 
842.892592 90.450932 
844.821408 90.235621 
846.750224 90.025085 
848.679040 89.827974 
850.607856 89.646689 
852.536672 89.481110 
854.465488 89.332741 
856.394304 89.203404 
858.323120 89.097159 
860.251936 89.013276 
862.180752 88.949293 
864.109568 88.904741 
866.038384 88.880054 
867.967200 88.879300 
869.896016 88.908506 
871.824832 88.970532 
873.753648 89.064490 
875.682464 89.190665 
877.611280 89.352465 
879.540096 89.550669 
881.468912 89.784314 
883.397728 90.050069 
885.326544 90.342147 
887.255360 90.655001 
889.184176 90.984775 
891.112992 91.326546 
893.041808 91.673456 
894.970624 92.017725 
896.899440 92.347491 
898.828256 92.651903 
900.757072 92.925132 
902.685888 93.158911 
904.614704 93.344083 
906.543520 93.470864 
908.472336 93.529910 
910.401152 93.518035 
912.329968 93.438290 
914.258784 93.299266 
916.187600 93.112593 
918.116416 92.889346 
920.045232 92.641581 
921.974048 92.381421 
923.902864 92.121812 
925.831680 91.871693 
927.760496 91.636243 
929.689312 91.420955 
931.618128 91.228554 
933.546944 91.058769 
935.475760 90.910123 
937.404576 90.785057 
939.333392 90.682114 
941.262208 90.594416 
943.191024 90.516840 
945.119840 90.439566 
947.048656 90.349657 
948.977472 90.231995 
950.906288 90.068693 
952.835104 89.841829 
954.763920 89.531068 
956.692736 89.119218 
958.621552 88.598528 
960.550368 87.974175 
962.479184 87.261427 
964.408000 86.487061 
966.336816 85.691012 
968.265632 84.919161 
970.194448 84.217001 
972.123264 83.626005 
974.052080 83.180968 
975.980896 82.908715 
977.909712 82.822864 
979.838528 82.927718 
981.767344 83.217856 
983.696160 83.673690 
985.624976 84.265352 
987.553792 84.955328 
989.482608 85.700478 
991.411424 86.455053 
993.340240 87.173220 
995.269056 87.811869 
997.197872 88.337064 
999.126688 88.726118 
1001.055504 88.964717 
1002.984320 89.049588 
1004.913136 88.984019 
1006.841952 88.776843 
1008.770768 88.442947 
1010.699584 87.995370 
1012.628400 87.442821 
1014.557216 86.790545 
1016.486032 86.040970 
1018.414848 85.197832 
1020.343664 84.270269 
1022.272480 83.275638 
1024.201296 82.238663 
1026.130112 81.190342 
1028.058928 80.169257 
1029.987744 79.218144 
1031.916560 78.379159 
1033.845376 77.686727 
1035.774192 77.166665 
1037.703008 76.836209 
1039.631824 76.703983 
1041.560640 76.765003 
1043.489456 76.997101 
1045.418272 77.364031 
1047.347088 77.812577 
1049.275904 78.274360 
1051.204720 78.678237 
1053.133536 78.958836 
1055.062352 79.065852 
1056.991168 78.975522 
1058.919984 78.694692 
1060.848800 78.260055 
1062.777616 77.731075 
1064.706432 77.180342 
1066.635248 76.685020 
1068.564064 76.314975 
1070.492880 76.125181 
1072.421696 76.151909 
1074.350512 76.413723 
1076.279328 76.911390 
1078.208144 77.625385 
1080.136960 78.514844 
1082.065776 79.518449 
1083.994592 80.561166 
1085.923408 81.561670 
1087.852224 82.439935 
1089.781040 83.124242 
1091.709856 83.555518 
1093.638672 83.695494 
1095.567488 83.531491 
1097.496304 83.070773 
1099.425120 82.340767 
1101.353936 81.384447 
1103.282752 80.253277 
1105.211568 79.002684 
1107.140384 77.689267 
1109.069200 76.370174 
1110.998016 75.096653 
1112.926832 73.915222 
1114.855648 72.868845 
1116.784464 71.993081 
1118.713280 71.315447 
1120.642096 70.848397 
1122.570912 70.596251 
1124.499728 70.555973 
1126.428544 70.714332 
1128.357360 71.050080 
1130.286176 71.534380 
1132.214992 72.132493 
1134.143808 72.802863 
1136.072624 73.503196 
1138.001440 74.199782 
1139.930256 74.864808 
1141.859072 75.479553 
1143.787888 76.035117 
1145.716704 76.531654 
1147.645520 76.977287 
1149.574336 77.384946 
1151.503152 77.772966 
1153.431968 78.158543 
1155.360784 78.549850 
1157.289600 78.949919 
1159.218416 79.360094 
1161.147232 79.785038 
1163.076048 80.228323 
1165.004864 80.696008 
1166.933680 81.195639 
1168.862496 81.729259 
1170.791312 82.294845 
1172.720128 82.884720 
1174.648944 83.490946 
1176.577760 84.104622 
1178.506576 84.711078 
1180.435392 85.300945 
1182.364208 85.868439 
1184.293024 86.409519 
1186.221840 86.922260 
1188.150656 87.405075 
1190.079472 87.852918 
1192.008288 88.253160 
1193.937104 88.590035 
1195.865920 88.849874 
1197.794736 89.021281 
1199.723552 89.092824 
1201.652368 89.055749 
1203.581184 88.911999 
1205.510000 88.671812 
1207.438816 88.352189 
1209.367632 87.975037 
1211.296448 87.560990 
1213.225264 87.129215 
1215.154080 86.690710 
1217.082896 86.249049 
1219.011712 85.802223 
1220.940528 85.337145 
1222.869344 84.835715 
1224.798160 84.279034 
1226.726976 83.650690 
1228.655792 82.938770 
1230.584608 82.131177 
1232.513424 81.217233 
1234.442240 80.190606 
1236.371056 79.048200 
1238.299872 77.792189 
1240.228688 76.437332 
1242.157504 75.011535 
1244.086320 73.553683 
1246.015136 72.111936 
1247.943952 70.736624 
1249.872768 69.474664 
1251.801584 68.363928 
1253.730400 67.427077 
1255.659216 66.674235 
1257.588032 66.102405 
1259.516848 65.695591 
1261.445664 65.432949 
1263.374480 65.291714 
1265.303296 65.247551 
1267.232112 65.274273 
1269.160928 65.345187 
1271.089744 65.438921 
1273.018560 65.541625 
1274.947376 65.646102 
1276.876192 65.755448 
1278.805008 65.882019 
1280.733824 66.044325 
1282.662640 66.264546 
1284.591456 66.564517 
1286.520272 66.964058 
1288.449088 67.477986 
1290.377904 68.113339 
1292.306720 68.874736 
1294.235536 69.767132 
1296.164352 70.792439 
1298.093168 71.947832 
1300.021984 73.228449 
1301.950800 74.625172 
1303.879616 76.123577 
1305.808432 77.703702 
1307.737248 79.338070 
1309.666064 80.992907 
1311.594880 82.630064 
1313.523696 84.214182 
1315.452512 85.712059 
1317.381328 87.091887 
1319.310144 88.327993 
1321.238960 89.400608 
1323.167776 90.299311 
1325.096592 91.025020 
1327.025408 91.589187 
1328.954224 92.014865 
1330.883040 92.328382 
1332.811856 92.555650 
1334.740672 92.722463 
1336.669488 92.852480 
1338.598304 92.961390 
1340.527120 93.059870 
1342.455936 93.158647 
1344.384752 93.250005 
1346.313568 93.319125 
1348.242384 93.358881 
1350.171200 93.360368 
1352.100016 93.316111 
1354.028832 93.212769 
1355.957648 93.044299 
1357.886464 92.814895 
1359.815280 92.533025 
1361.744096 92.219059 
1363.672912 91.898279 
1365.601728 91.597089 
1367.530544 91.329879 
1369.459360 91.107015 
1371.388176 90.940947 
1373.316992 90.834065 
1375.245808 90.781456 
1377.174624 90.773873 
1379.103440 90.806968 
1381.032256 90.877182 
1382.961072 90.970899 
1384.889888 91.087513 
1386.818704 91.228330 
1388.747520 91.386249 
1390.676336 91.554090 
1392.605152 91.724566 
1394.533968 91.899491 
1396.462784 92.082288 
1398.391600 92.274363 
1400.320416 92.481122 
1402.249232 92.701608 
1404.178048 92.932212 
1406.106864 93.164467 
1408.035680 93.397851 
1409.964496 93.625793 
1411.893312 93.831910 
1413.822128 94.003851 
1415.750944 94.137629 
1417.679760 94.226683 
1419.608576 94.260422 
1421.537392 94.235515 
1423.466208 94.149548 
1425.395024 93.996000 
1427.323840 93.771697 
1429.252656 93.476994 
1431.181472 93.117754 
1433.110288 92.706742 
1435.039104 92.262299 
1436.967920 91.806123 
1438.896736 91.364981 
1440.825552 90.959686 
1442.754368 90.614048 
1444.683184 90.353436 
1446.612000 90.192135 
1448.540816 90.137906 
1450.469632 90.188670 
1452.398448 90.339629 
1454.327264 90.587372 
1456.256080 90.917864 
1458.184896 91.313392 
1460.113712 91.755941 
1462.042528 92.219096 
1463.971344 92.679829 
1465.900160 93.117187 
1467.828976 93.515494 
1469.757792 93.866188 
1471.686608 94.165157 
1473.615424 94.411694 
1475.544240 94.612715 
1477.473056 94.780079 
1479.401872 94.921201 
1481.330688 95.047949 
1483.259504 95.170847 
1485.188320 95.291819 
1487.117136 95.415850 
1489.045952 95.542700 
1490.974768 95.677521 
1492.903584 95.826042 
1494.832400 95.987496 
1496.761216 96.159346 
1498.690032 96.338344 
1500.618848 96.521786 
1502.547664 96.707483 
1504.476480 96.891328 
1506.405296 97.065697 
1508.334112 97.227056 
1510.262928 97.371591 
1512.191744 97.497962 
1514.120560 97.609777 
1516.049376 97.710280 
1517.978192 97.797530 
1519.907008 97.872839 
1521.835824 97.938250 
1523.764640 97.995041 
1525.693456 98.043820 
1527.622272 98.082561 
1529.551088 98.108243 
1531.479904 98.122691 
1533.408720 98.125170 
1535.337536 98.113952 
1537.266352 98.087443 
1539.195168 98.049010 
1541.123984 98.000661 
1543.052800 97.941875 
1544.981616 97.874048 
1546.910432 97.801179 
1548.839248 97.723237 
1550.768064 97.648740 
1552.696880 97.581374 
1554.625696 97.516322 
1556.554512 97.440116 
1558.483328 97.339986 
1560.412144 97.207140 
1562.340960 97.038716 
1564.269776 96.833530 
1566.198592 96.593500 
1568.127408 96.332577 
1570.056224 96.069496 
1571.985040 95.816826 
1573.913856 95.586774 
1575.842672 95.380031 
1577.771488 95.189994 
1579.700304 95.004061 
1581.629120 94.814283 
1583.557936 94.625017 
1585.486752 94.443751 
1587.415568 94.282485 
1589.344384 94.158647 
1591.273200 94.079253 
1593.202016 94.044355 
1595.130832 94.046513 
1597.059648 94.076477 
1598.988464 94.129761 
1600.917280 94.198943 
1602.846096 94.281093 
1604.774912 94.380841 
1606.703728 94.509185 
1608.632544 94.665150 
1610.561360 94.837710 
1612.490176 95.014628 
1614.418992 95.168792 
1616.347808 95.275896 
1618.276624 95.319403 
1620.205440 95.295816 
1622.134256 95.212122 
1624.063072 95.076432 
1625.991888 94.906580 
1627.920704 94.714243 
1629.849520 94.512303 
1631.778336 94.312834 
1633.707152 94.122725 
1635.635968 93.951293 
1637.564784 93.803383 
1639.493600 93.682427 
1641.422416 93.598263 
1643.351232 93.559738 
1645.280048 93.570647 
1647.208864 93.627189 
1649.137680 93.721015 
1651.066496 93.841787 
1652.995312 93.976921 
1654.924128 94.113937 
1656.852944 94.241449 
1658.781760 94.345205 
1660.710576 94.409206 
1662.639392 94.425163 
1664.568208 94.391828 
1666.497024 94.303113 
1668.425840 94.166833 
1670.354656 93.990506 
1672.283472 93.773756 
1674.212288 93.522444 
1676.141104 93.226995 
1678.069920 92.885708 
1679.998736 92.500465 
1681.927552 92.070589 
1683.856368 91.598242 
1685.785184 91.089335 
1687.714000 90.503551 
1689.642816 89.786894 
1691.571632 88.921275 
1693.500448 87.878892 
1695.429264 86.629181 
1697.358080 85.157920 
1699.286896 83.465442 
1701.215712 81.590574 
1703.144528 79.589717 
1705.073344 77.513152 
1707.002160 75.436719 
1708.930976 73.439299 
1710.859792 71.564135 
1712.788608 69.875611 
1714.717424 68.457327 
1716.646240 67.378569 
1718.575056 66.697542 
1720.503872 66.459958 
1722.432688 66.689859 
1724.361504 67.369408 
1726.290320 68.425285 
1728.219136 69.779692 
1730.147952 71.394994 
1732.076768 73.208371 
1734.005584 75.145572 
1735.934400 77.149153 
1737.863216 79.169403 
1739.792032 81.174211 
1741.720848 83.127915 
1743.649664 84.986168 
1745.578480 86.725397 
1747.507296 88.308628 
1749.436112 89.698425 
1751.364928 90.905142 
1753.293744 91.952063 
1755.222560 92.840029 
1757.151376 93.582693 
1759.080192 94.199381 
1761.009008 94.703838 
1762.937824 95.104626 
1764.866640 95.410724 
1766.795456 95.634294 
1768.724272 95.813240 
1770.653088 95.964190 
1772.581904 96.091716 
1774.510720 96.209193 
1776.439536 96.326771 
1778.368352 96.447240 
1780.297168 96.570407 
1782.225984 96.691616 
1784.154800 96.805401 
1786.083616 96.909003 
1788.012432 97.005565 
1789.941248 97.094245 
1791.870064 97.176089 
1793.798880 97.250814 
1795.727696 97.317878 
1797.656512 97.380475 
1799.585328 97.439582 
1801.514144 97.494405 
1803.442960 97.545139 
1805.371776 97.592065 
1807.300592 97.635630 
1809.229408 97.676257 
1811.158224 97.714003 
1813.087040 97.748621 
1815.015856 97.779952 
1816.944672 97.808085 
1818.873488 97.833220 
1820.802304 97.856439 
1822.731120 97.877576 
1824.659936 97.896863 
1826.588752 97.914438 
1828.517568 97.930410 
1830.446384 97.944806 
1832.375200 97.957558 
1834.304016 97.968615 
1836.232832 97.977964 
1838.161648 97.985812 
1840.090464 97.992457 
1842.019280 97.998177 
1843.948096 98.003177 
1845.876912 98.007602 
1847.805728 98.011618 
1849.734544 98.015258 
1851.663360 98.018635 
1853.592176 98.021892 
1855.520992 98.025180 
1857.449808 98.028597 
1859.378624 98.032120 
1861.307440 98.035603 
1863.236256 98.038897 
1865.165072 98.041848 
1867.093888 98.044346 
1869.022704 98.046512 
1870.951520 98.047966 
1872.880336 98.048891 
1874.809152 98.049387 
1876.737968 98.049541 
1878.666784 98.049401 
1880.595600 98.049001 
1882.524416 98.048308 
1884.453232 98.047321 
1886.382048 98.046198 
1888.310864 98.045139 
1890.239680 98.044266 
1892.168496 98.043607 
1894.097312 98.042706 
1896.026128 98.041558 
1897.954944 98.039650 
1899.883760 98.037092 
1901.812576 98.033544 
1903.741392 98.028667 
1905.670208 98.022603 
1907.599024 98.015156 
1909.527840 98.006024 
1911.456656 97.995580 
1913.385472 97.983840 
1915.314288 97.971000 
1917.243104 97.957340 
1919.171920 97.942969 
1921.100736 97.928655 
1923.029552 97.915253 
1924.958368 97.902860 
1926.887184 97.891553 
1928.816000 97.882129 
1930.744816 97.874156 
1932.673632 97.867497 
1934.602448 97.862433 
1936.531264 97.858776 
1938.460080 97.856887 
1940.388896 97.856204 
1942.317712 97.857017 
1944.246528 97.860183 
1946.175344 97.865005 
1948.104160 97.871166 
1950.032976 97.878625 
1951.961792 97.887762 
1953.890608 97.898521 
1955.819424 97.910708 
1957.748240 97.924057 
1959.677056 97.938801 
1961.605872 97.954583 
1963.534688 97.970626 
1965.463504 97.987445 
1967.392320 98.004522 
1969.321136 98.020744 
1971.249952 98.036244 
1973.178768 98.051455 
1975.107584 98.066622 
1977.036400 98.082070 
1978.965216 98.097373 
1980.894032 98.113028 
1982.822848 98.129813 
1984.751664 98.147161 
1986.680480 98.164765 
1988.609296 98.182212 
1990.538112 98.199513 
1992.466928 98.217680 
1994.395744 98.236870 
1996.324560 98.257454 
1998.253376 98.279564 
2000.182192 98.303389 
2002.111008 98.328344 
2004.039824 98.354555 
2005.968640 98.381323 
2007.897456 98.407373 
2009.826272 98.431523 
2011.755088 98.452945 
2013.683904 98.470999 
2015.612720 98.484856 
2017.541536 98.493051 
2019.470352 98.496441 
2021.399168 98.496183 
2023.327984 98.492447 
2025.256800 98.485402 
2027.185616 98.476443 
2029.114432 98.467419 
2031.043248 98.460048 
2032.972064 98.454850 
2034.900880 98.451932 
2036.829696 98.450743 
2038.758512 98.450904 
2040.687328 98.452239 
2042.616144 98.455535 
2044.544960 98.460184 
2046.473776 98.464012 
2048.402592 98.466562 
2050.331408 98.467657 
2052.260224 98.467136 
2054.189040 98.464821 
2056.117856 98.460259 
2058.046672 98.454168 
2059.975488 98.447132 
2061.904304 98.439588 
2063.833120 98.432490 
2065.761936 98.426734 
2067.690752 98.422102 
2069.619568 98.418440 
2071.548384 98.415698 
2073.477200 98.412827 
2075.406016 98.410014 
2077.334832 98.408705 
2079.263648 98.409473 
2081.192464 98.412162 
2083.121280 98.416021 
2085.050096 98.420354 
2086.978912 98.425318 
2088.907728 98.431124 
2090.836544 98.437571 
2092.765360 98.443758 
2094.694176 98.447490 
2096.622992 98.448030 
2098.551808 98.446327 
2100.480624 98.443730 
2102.409440 98.440528 
2104.338256 98.436325 
2106.267072 98.431187 
2108.195888 98.425781 
2110.124704 98.420924 
2112.053520 98.417571 
2113.982336 98.416202 
2115.911152 98.416202 
2117.839968 98.416267 
2119.768784 98.416782 
2121.697600 98.417947 
2123.626416 98.419736 
2125.555232 98.422650 
2127.484048 98.426443 
2129.412864 98.430123 
2131.341680 98.432919 
2133.270496 98.434123 
2135.199312 98.433995 
2137.128128 98.433505 
2139.056944 98.433166 
2140.985760 98.432751 
2142.914576 98.432432 
2144.843392 98.432236 
2146.772208 98.433232 
2148.701024 98.436116 
2150.629840 98.440144 
2152.558656 98.444686 
2154.487472 98.449858 
2156.416288 98.456461 
2158.345104 98.465037 
2160.273920 98.474968 
2162.202736 98.485845 
2164.131552 98.496709 
2166.060368 98.506272 
2167.989184 98.514270 
2169.918000 98.521448 
2171.846816 98.527141 
2173.775632 98.530905 
2175.704448 98.533530 
2177.633264 98.535554 
2179.562080 98.537121 
2181.490896 98.538179 
2183.419712 98.538476 
2185.348528 98.538772 
2187.277344 98.538514 
2189.206160 98.537564 
2191.134976 98.537217 
2193.063792 98.538415 
2194.992608 98.540841 
2196.921424 98.543904 
2198.850240 98.546736 
2200.779056 98.548455 
2202.707872 98.548133 
2204.636688 98.546094 
2206.565504 98.542988 
2208.494320 98.539399 
2210.423136 98.534765 
2212.351952 98.529731 
2214.280768 98.525552 
2216.209584 98.522357 
2218.138400 98.519750 
2220.067216 98.517453 
2221.996032 98.514664 
2223.924848 98.511145 
2225.853664 98.506802 
2227.782480 98.502457 
2229.711296 98.498742 
2231.640112 98.495664 
2233.568928 98.492420 
2235.497744 98.488961 
2237.426560 98.485194 
2239.355376 98.480985 
2241.284192 98.476381 
2243.213008 98.471594 
2245.141824 98.466686 
2247.070640 98.461799 
2248.999456 98.457159 
2250.928272 98.453507 
2252.857088 98.450943 
2254.785904 98.448852 
2256.714720 98.446768 
2258.643536 98.444475 
2260.572352 98.441760 
2262.501168 98.438784 
2264.429984 98.435565 
2266.358800 98.432160 
2268.287616 98.428647 
2270.216432 98.425050 
2272.145248 98.421577 
2274.074064 98.418700 
2276.002880 98.416167 
2277.931696 98.413577 
2279.860512 98.410788 
2281.789328 98.407672 
2283.718144 98.404057 
2285.646960 98.399565 
2287.575776 98.393899 
2289.504592 98.387037 
2291.433408 98.378963 
2293.362224 98.369698 
2295.291040 98.359274 
2297.219856 98.347645 
2299.148672 98.334979 
2301.077488 98.321623 
2303.006304 98.307816 
2304.935120 98.293913 
2306.863936 98.280324 
2308.792752 98.267418 
2310.721568 98.255577 
2312.650384 98.244995 
2314.579200 98.235491 
2316.508016 98.226803 
2318.436832 98.218599 
2320.365648 98.210666 
2322.294464 98.202927 
2324.223280 98.195193 
2326.152096 98.187449 
2328.080912 98.179928 
2330.009728 98.172610 
2331.938544 98.165411 
2333.867360 98.158388 
2335.796176 98.151554 
2337.724992 98.144972 
2339.653808 98.138711 
2341.582624 98.132886 
2343.511440 98.127799 
2345.440256 98.123504 
2347.369072 98.119926 
2349.297888 98.117215 
2351.226704 98.115178 
2353.155520 98.113257 
2355.084336 98.111254 
2357.013152 98.109275 
2358.941968 98.107468 
2360.870784 98.105870 
2362.799600 98.105038 
2364.728416 98.105378 
2366.657232 98.107180 
2368.586048 98.110390 
2370.514864 98.114922 
2372.443680 98.120862 
2374.372496 98.127832 
2376.301312 98.135344 
2378.230128 98.143638 
2380.158944 98.152667 
2382.087760 98.161534 
2384.016576 98.169488 
2385.945392 98.176865 
2387.874208 98.183344 
2389.803024 98.188617 
2391.731840 98.192448 
2393.660656 98.194376 
2395.589472 98.194088 
2397.518288 98.191210 
2399.447104 98.186462 
2401.375920 98.181170 
2403.304736 98.174712 
2405.233552 98.166821 
2407.162368 98.158505 
2409.091184 98.150955 
2411.020000 98.144450 
2412.948816 98.138718 
2414.877632 98.134424 
2416.806448 98.131611 
2418.735264 98.129431 
2420.664080 98.127138 
2422.592896 98.125345 
2424.521712 98.123732 
2426.450528 98.120353 
2428.379344 98.115269 
2430.308160 98.108763 
2432.236976 98.100481 
2434.165792 98.090550 
2436.094608 98.079482 
2438.023424 98.068848 
2439.952240 98.059032 
2441.881056 98.049718 
2443.809872 98.041679 
2445.738688 98.035966 
2447.667504 98.032345 
2449.596320 98.029616 
2451.525136 98.027283 
2453.453952 98.025446 
2455.382768 98.023450 
2457.311584 98.021626 
2459.240400 98.019593 
2461.169216 98.016139 
2463.098032 98.010357 
2465.026848 98.002434 
2466.955664 97.993165 
2468.884480 97.982868 
2470.813296 97.971603 
2472.742112 97.959041 
2474.670928 97.946007 
2476.599744 97.934251 
2478.528560 97.924070 
2480.457376 97.915248 
2482.386192 97.906885 
2484.315008 97.898582 
2486.243824 97.890467 
2488.172640 97.882252 
2490.101456 97.873790 
2492.030272 97.865044 
2493.959088 97.855991 
2495.887904 97.846161 
2497.816720 97.835113 
2499.745536 97.822895 
2501.674352 97.809489 
2503.603168 97.794680 
2505.531984 97.779107 
2507.460800 97.764049 
2509.389616 97.750463 
2511.318432 97.738539 
2513.247248 97.729485 
2515.176064 97.723760 
2517.104880 97.720780 
2519.033696 97.719675 
2520.962512 97.719919 
2522.891328 97.721864 
2524.820144 97.725177 
2526.748960 97.729029 
2528.677776 97.733180 
2530.606592 97.736886 
2532.535408 97.739410 
2534.464224 97.740673 
2536.393040 97.741150 
2538.321856 97.740130 
2540.250672 97.737164 
2542.179488 97.733404 
2544.108304 97.730114 
2546.037120 97.727861 
2547.965936 97.726822 
2549.894752 97.726828 
2551.823568 97.727853 
2553.752384 97.729409 
2555.681200 97.731760 
2557.610016 97.734815 
2559.538832 97.737871 
2561.467648 97.740068 
2563.396464 97.741348 
2565.325280 97.741956 
2567.254096 97.742025 
2569.182912 97.741639 
2571.111728 97.741083 
2573.040544 97.741019 
2574.969360 97.741512 
2576.898176 97.741882 
2578.826992 97.741913 
2580.755808 97.740682 
2582.684624 97.738244 
2584.613440 97.734978 
2586.542256 97.730722 
2588.471072 97.725483 
2590.399888 97.720326 
2592.328704 97.715472 
2594.257520 97.710936 
2596.186336 97.706565 
2598.115152 97.701311 
2600.043968 97.694507 
2601.972784 97.686562 
2603.901600 97.677851 
2605.830416 97.669663 
2607.759232 97.663147 
2609.688048 97.658361 
2611.616864 97.656111 
2613.545680 97.657125 
2615.474496 97.659859 
2617.403312 97.663735 
2619.332128 97.669037 
2621.260944 97.675392 
2623.189760 97.681247 
2625.118576 97.685931 
2627.047392 97.690364 
2628.976208 97.695689 
2630.905024 97.700782 
2632.833840 97.705210 
2634.762656 97.709892 
2636.691472 97.714489 
2638.620288 97.718030 
2640.549104 97.721971 
2642.477920 97.728008 
2644.406736 97.734700 
2646.335552 97.740277 
2648.264368 97.745749 
2650.193184 97.752842 
2652.122000 97.760945 
2654.050816 97.768441 
2655.979632 97.776508 
2657.908448 97.785512 
2659.837264 97.794196 
2661.766080 97.802496 
2663.694896 97.811725 
2665.623712 97.821642 
2667.552528 97.830335 
2669.481344 97.837691 
2671.410160 97.845066 
2673.338976 97.853189 
2675.267792 97.861351 
2677.196608 97.869387 
2679.125424 97.878528 
2681.054240 97.887976 
2682.983056 97.896044 
2684.911872 97.903097 
2686.840688 97.909206 
2688.769504 97.912797 
2690.698320 97.913304 
2692.627136 97.911744 
2694.555952 97.908481 
2696.484768 97.904262 
2698.413584 97.899242 
2700.342400 97.893134 
2702.271216 97.886241 
2704.200032 97.877897 
2706.128848 97.868009 
2708.057664 97.857754 
2709.986480 97.846743 
2711.915296 97.835361 
2713.844112 97.824864 
2715.772928 97.815872 
2717.701744 97.809292 
2719.630560 97.806336 
2721.559376 97.806042 
2723.488192 97.806492 
2725.417008 97.805953 
2727.345824 97.803874 
2729.274640 97.800079 
2731.203456 97.792798 
2733.132272 97.780920 
2735.061088 97.765666 
2736.989904 97.746521 
2738.918720 97.723919 
2740.847536 97.699876 
2742.776352 97.676122 
2744.705168 97.653051 
2746.633984 97.630222 
2748.562800 97.608437 
2750.491616 97.589716 
2752.420432 97.574928 
2754.349248 97.563774 
2756.278064 97.556873 
2758.206880 97.554502 
2760.135696 97.554538 
2762.064512 97.556323 
2763.993328 97.559208 
2765.922144 97.562856 
2767.850960 97.565471 
2769.779776 97.565056 
2771.708592 97.562553 
2773.637408 97.557831 
2775.566224 97.549687 
2777.495040 97.538369 
2779.423856 97.524617 
2781.352672 97.509514 
2783.281488 97.492475 
2785.210304 97.473253 
2787.139120 97.453281 
2789.067936 97.434165 
2790.996752 97.416913 
2792.925568 97.402244 
2794.854384 97.390183 
2796.783200 97.380367 
2798.712016 97.371981 
2800.640832 97.365102 
2802.569648 97.359769 
2804.498464 97.355485 
2806.427280 97.349291 
2808.356096 97.339157 
2810.284912 97.324913 
2812.213728 97.305533 
2814.142544 97.280632 
2816.071360 97.250844 
2818.000176 97.216620 
2819.928992 97.179424 
2821.857808 97.140531 
2823.786624 97.102594 
2825.715440 97.069090 
2827.644256 97.043237 
2829.573072 97.027434 
2831.501888 97.024305 
2833.430704 97.034814 
2835.359520 97.059116 
2837.288336 97.096540 
2839.217152 97.144455 
2841.145968 97.197180 
2843.074784 97.246245 
2845.003600 97.282832 
2846.932416 97.299258 
2848.861232 97.289853 
2850.790048 97.251244 
2852.718864 97.181796 
2854.647680 97.082286 
2856.576496 96.954199 
2858.505312 96.802358 
2860.434128 96.633370 
2862.362944 96.454221 
2864.291760 96.273037 
2866.220576 96.096664 
2868.149392 95.931236 
2870.078208 95.784203 
2872.007024 95.662320 
2873.935840 95.570002 
2875.864656 95.508253 
2877.793472 95.475552 
2879.722288 95.467311 
2881.651104 95.478054 
2883.579920 95.502865 
2885.508736 95.537867 
2887.437552 95.580598 
2889.366368 95.628411 
2891.295184 95.678904 
2893.224000 95.732597 
2895.152816 95.790700 
2897.081632 95.854755 
2899.010448 95.926287 
2900.939264 96.005860 
2902.868080 96.093244 
2904.796896 96.187939 
2906.725712 96.290409 
2908.654528 96.401552 
2910.583344 96.519742 
2912.512160 96.641103 
2914.440976 96.760321 
2916.369792 96.874150 
2918.298608 96.977912 
2920.227424 97.066206 
2922.156240 97.134159 
2924.085056 97.176270 
2926.013872 97.187201 
2927.942688 97.162866 
2929.871504 97.101728 
2931.800320 97.005990 
2933.729136 96.880480 
2935.657952 96.731499 
2937.586768 96.565690 
2939.515584 96.390894 
2941.444400 96.214694 
2943.373216 96.046018 
2945.302032 95.892586 
2947.230848 95.758748 
2949.159664 95.647252 
2951.088480 95.560632 
2953.017296 95.500337 
2954.946112 95.468878 
2956.874928 95.466169 
2958.803744 95.489032 
2960.732560 95.532252 
2962.661376 95.590549 
2964.590192 95.660230 
2966.519008 95.737973 
2968.447824 95.820696 
2970.376640 95.905819 
2972.305456 95.992536 
2974.234272 96.079443 
2976.163088 96.163069 
2978.091904 96.242958 
2980.020720 96.319167 
2981.949536 96.392572 
2983.878352 96.463971 
2985.807168 96.533039 
2987.735984 96.599278 
2989.664800 96.663374 
2991.593616 96.726752 
2993.522432 96.790454 
2995.451248 96.854133 
2997.380064 96.915928 
2999.308880 96.973527 
3001.237696 97.026822 
3003.166512 97.076013 
3005.095328 97.120893 
3007.024144 97.160644 
3008.952960 97.192694 
3010.881776 97.216197 
3012.810592 97.230431 
3014.739408 97.234712 
3016.668224 97.230704 
3018.597040 97.219373 
3020.525856 97.202388 
3022.454672 97.181778 
3024.383488 97.158144 
3026.312304 97.132371 
3028.241120 97.106341 
3030.169936 97.081410 
3032.098752 97.057929 
3034.027568 97.036151 
3035.956384 97.014825 
3037.885200 96.993530 
3039.814016 96.972556 
3041.742832 96.951158 
3043.671648 96.930028 
3045.600464 96.910309 
3047.529280 96.890694 
3049.458096 96.871033 
3051.386912 96.851519 
3053.315728 96.833241 
3055.244544 96.816691 
3057.173360 96.801127 
3059.102176 96.787944 
3061.030992 96.779240 
3062.959808 96.775724 
3064.888624 96.779402 
3066.817440 96.792414 
3068.746256 96.816228 
3070.675072 96.849668 
3072.603888 96.891634 
3074.532704 96.941044 
3076.461520 96.997333 
3078.390336 97.058547 
3080.319152 97.121863 
3082.247968 97.187418 
3084.176784 97.254248 
3086.105600 97.319328 
3088.034416 97.381575 
3089.963232 97.440443 
3091.892048 97.494724 
3093.820864 97.541574 
3095.749680 97.580103 
3097.678496 97.611206 
3099.607312 97.635940 
3101.536128 97.655150 
3103.464944 97.670687 
3105.393760 97.686160 
3107.322576 97.703630 
3109.251392 97.723849 
3111.180208 97.748107 
3113.109024 97.776874 
3115.037840 97.808032 
3116.966656 97.839310 
3118.895472 97.869418 
3120.824288 97.898403 
3122.753104 97.924253 
3124.681920 97.945068 
3126.610736 97.960508 
3128.539552 97.970331 
3130.468368 97.973389 
3132.397184 97.969115 
3134.326000 97.958978 
3136.254816 97.944443 
3138.183632 97.927564 
3140.112448 97.911205 
3142.041264 97.898436 
3143.970080 97.892392 
3145.898896 97.893631 
3147.827712 97.902714 
3149.756528 97.917483 
3151.685344 97.935157 
3153.614160 97.953378 
3155.542976 97.970689 
3157.471792 97.986016 
3159.400608 97.998517 
3161.329424 98.007390 
3163.258240 98.012534 
3165.187056 98.014447 
3167.115872 98.013577 
3169.044688 98.011347 
3170.973504 98.009190 
3172.902320 98.007105 
3174.831136 98.006542 
3176.759952 98.007646 
3178.688768 98.009183 
3180.617584 98.010027 
3182.546400 98.010681 
3184.475216 98.012448 
3186.404032 98.015060 
3188.332848 98.016549 
3190.261664 98.016357 
3192.190480 98.014949 
3194.119296 98.012684 
3196.048112 98.010465 
3197.976928 98.008983 
3199.905744 98.008120 
3201.834560 98.006938 
3203.763376 98.005261 
3205.692192 98.005523 
3207.621008 98.010505 
3209.549824 98.019000 
3211.478640 98.029094 
3213.407456 98.039683 
3215.336272 98.048636 
3217.265088 98.054366 
3219.193904 98.057586 
3221.122720 98.061497 
3223.051536 98.067694 
3224.980352 98.074022 
3226.909168 98.080112 
3228.837984 98.086619 
3230.766800 98.093152 
3232.695616 98.099016 
3234.624432 98.103859 
3236.553248 98.107708 
3238.482064 98.110135 
3240.410880 98.110469 
3242.339696 98.110740 
3244.268512 98.114665 
3246.197328 98.121790 
3248.126144 98.129871 
3250.054960 98.137981 
3251.983776 98.143816 
3253.912592 98.145539 
3255.841408 98.143444 
3257.770224 98.139895 
3259.699040 98.136811 
3261.627856 98.133366 
3263.556672 98.128784 
3265.485488 98.124487 
3267.414304 98.120732 
3269.343120 98.115922 
3271.271936 98.110774 
3273.200752 98.106195 
3275.129568 98.101689 
3277.058384 98.095846 
3278.987200 98.089073 
3280.916016 98.083628 
3282.844832 98.079032 
3284.773648 98.073172 
3286.702464 98.067885 
3288.631280 98.063108 
3290.560096 98.055557 
3292.488912 98.046046 
3294.417728 98.038505 
3296.346544 98.034840 
3298.275360 98.034119 
3300.204176 98.034302 
3302.132992 98.034350 
3304.061808 98.034461 
3305.990624 98.034016 
3307.919440 98.032841 
3309.848256 98.032916 
3311.777072 98.032522 
3313.705888 98.028925 
3315.634704 98.024723 
3317.563520 98.022895 
3319.492336 98.024243 
3321.421152 98.027964 
3323.349968 98.033288 
3325.278784 98.038949 
3327.207600 98.042872 
3329.136416 98.044487 
3331.065232 98.045538 
3332.994048 98.046886 
3334.922864 98.046742 
3336.851680 98.042433 
3338.780496 98.033619 
3340.709312 98.021906 
3342.638128 98.009595 
3344.566944 97.997272 
3346.495760 97.986732 
3348.424576 97.977340 
3350.353392 97.967050 
3352.282208 97.958038 
3354.211024 97.954390 
3356.139840 97.955975 
3358.068656 97.960876 
3359.997472 97.966578 
3361.926288 97.971564 
3363.855104 97.975374 
3365.783920 97.978907 
3367.712736 97.980498 
3369.641552 97.980179 
3371.570368 97.978252 
3373.499184 97.973178 
3375.428000 97.965178 
3377.356816 97.958004 
3379.285632 97.953755 
3381.214448 97.950961 
3383.143264 97.948093 
3385.072080 97.944574 
3387.000896 97.937650 
3388.929712 97.927212 
3390.858528 97.913625 
3392.787344 97.898539 
3394.716160 97.884542 
3396.644976 97.871477 
3398.573792 97.859635 
3400.502608 97.851699 
3402.431424 97.847114 
3404.360240 97.841770 
3406.289056 97.834908 
3408.217872 97.827275 
3410.146688 97.816653 
3412.075504 97.802440 
3414.004320 97.785298 
3415.933136 97.766355 
3417.861952 97.744149 
3419.790768 97.716026 
3421.719584 97.683915 
3423.648400 97.651050 
3425.577216 97.618570 
3427.506032 97.586806 
3429.434848 97.558485 
3431.363664 97.536772 
3433.292480 97.522218 
3435.221296 97.515541 
3437.150112 97.517070 
3439.078928 97.525645 
3441.007744 97.538210 
3442.936560 97.554158 
3444.865376 97.576997 
3446.794192 97.604764 
3448.723008 97.632910 
3450.651824 97.658971 
3452.580640 97.679443 
3454.509456 97.691737 
3456.438272 97.695500 
3458.367088 97.692004 
3460.295904 97.684662 
3462.224720 97.675469 
3464.153536 97.664666 
3466.082352 97.653862 
3468.011168 97.644568 
3469.939984 97.635871 
3471.868800 97.628051 
3473.797616 97.620741 
3475.726432 97.611342 
3477.655248 97.601870 
3479.584064 97.595730 
3481.512880 97.594860 
3483.441696 97.600146 
3485.370512 97.608224 
3487.299328 97.614933 
3489.228144 97.620266 
3491.156960 97.623699 
3493.085776 97.624993 
3495.014592 97.623696 
3496.943408 97.617665 
3498.872224 97.608060 
3500.801040 97.598540 
3502.729856 97.592047 
3504.658672 97.590355 
3506.587488 97.592252 
3508.516304 97.596678 
3510.445120 97.603171 
3512.373936 97.612078 
3514.302752 97.624657 
3516.231568 97.641697 
3518.160384 97.660894 
3520.089200 97.679150 
3522.018016 97.695622 
3523.946832 97.710059 
3525.875648 97.722303 
3527.804464 97.732502 
3529.733280 97.738144 
3531.662096 97.737191 
3533.590912 97.728720 
3535.519728 97.713550 
3537.448544 97.695790 
3539.377360 97.678777 
3541.306176 97.664971 
3543.234992 97.652892 
3545.163808 97.643843 
3547.092624 97.640658 
3549.021440 97.644231 
3550.950256 97.655030 
3552.879072 97.671388 
3554.807888 97.690680 
3556.736704 97.710980 
3558.665520 97.731485 
3560.594336 97.752878 
3562.523152 97.775997 
3564.451968 97.800076 
3566.380784 97.821519 
3568.309600 97.841336 
3570.238416 97.861094 
3572.167232 97.880383 
3574.096048 97.899753 
3576.024864 97.919084 
3577.953680 97.938339 
3579.882496 97.958058 
3581.811312 97.977508 
3583.740128 97.999932 
3585.668944 98.026370 
3587.597760 98.055427 
3589.526576 98.086607 
3591.455392 98.118935 
3593.384208 98.151335 
3595.313024 98.182886 
3597.241840 98.213142 
3599.170656 98.240730 
3601.099472 98.265039 
3603.028288 98.285629 
3604.957104 98.302098 
3606.885920 98.316401 
3608.814736 98.326835 
3610.743552 98.332580 
3612.672368 98.335329 
3614.601184 98.335177 
3616.530000 98.332877 
3618.458816 98.329510 
3620.387632 98.326139 
3622.316448 98.323654 
3624.245264 98.322525 
3626.174080 98.322719 
3628.102896 98.324682 
3630.031712 98.325838 
3631.960528 98.326509 
3633.889344 98.328014 
3635.818160 98.331526 
3637.746976 98.337216 
3639.675792 98.345858 
3641.604608 98.357797 
3643.533424 98.373289 
3645.462240 98.391854 
3647.391056 98.413734 
3649.319872 98.439863 
3651.248688 98.470516 
3653.177504 98.504191 
3655.106320 98.542073 
3657.035136 98.584298 
3658.963952 98.630487 
3660.892768 98.679711 
3662.821584 98.730653 
3664.750400 98.781841 
3666.679216 98.832174 
3668.608032 98.879087 
3670.536848 98.924143 
3672.465664 98.967622 
3674.394480 99.008833 
3676.323296 99.046890 
3678.252112 99.081085 
3680.180928 99.110954 
3682.109744 99.136362 
3684.038560 99.157878 
3685.967376 99.176204 
3687.896192 99.192153 
3689.825008 99.207064 
3691.753824 99.221734 
3693.682640 99.239262 
3695.611456 99.260004 
3697.540272 99.284211 
3699.469088 99.311938 
3701.397904 99.343280 
3703.326720 99.378184 
3705.255536 99.416713 
3707.184352 99.458311 
3709.113168 99.501927 
3711.041984 99.546095 
3712.970800 99.589383 
3714.899616 99.630002 
3716.828432 99.666423 
3718.757248 99.697540 
3720.686064 99.722869 
3722.614880 99.742676 
3724.543696 99.757210 
3726.472512 99.767068 
3728.401328 99.773392 
3730.330144 99.776660 
3732.258960 99.777303 
3734.187776 99.775546 
3736.116592 99.771557 
3738.045408 99.765369 
3739.974224 99.757159 
3741.903040 99.747251 
3743.831856 99.736024 
3745.760672 99.723066 
3747.689488 99.707936 
3749.618304 99.690812 
3751.547120 99.672140 
3753.475936 99.651947 
3755.404752 99.630556 
3757.333568 99.608649 
3759.262384 99.586736 
3761.191200 99.565811 
3763.120016 99.546967 
3765.048832 99.531426 
3766.977648 99.519905 
3768.906464 99.512299 
3770.835280 99.508600 
3772.764096 99.508657 
3774.692912 99.511870 
3776.621728 99.517443 
3778.550544 99.524693 
3780.479360 99.533688 
3782.408176 99.542073 
3784.336992 99.550192 
3786.265808 99.558628 
3788.194624 99.567635 
3790.123440 99.577100 
3792.052256 99.586929 
3793.981072 99.597426 
3795.909888 99.608400 
3797.838704 99.620419 
3799.767520 99.634463 
3801.696336 99.651298 
3803.625152 99.671506 
3805.553968 99.693483 
3807.482784 99.718025 
3809.411600 99.744647 
3811.340416 99.772450 
3813.269232 99.800898 
3815.198048 99.829609 
3817.126864 99.856980 
3819.055680 99.882219 
3820.984496 99.904193 
3822.913312 99.924100 
3824.842128 99.941241 
3826.770944 99.954655 
3828.699760 99.963370 
3830.628576 99.966983 
3832.557392 99.965582 
3834.486208 99.959865 
3836.415024 99.951335 
3838.343840 99.940356 
3840.272656 99.926896 
3842.201472 99.912133 
3844.130288 99.896196 
3846.059104 99.881567 
3847.987920 99.867993 
3849.916736 99.856433 
3851.845552 99.847840 
3853.774368 99.842398 
3855.703184 99.839346 
3857.632000 99.838856 
3859.560816 99.840049 
3861.489632 99.841514 
3863.418448 99.842408 
3865.347264 99.841645 
3867.276080 99.838512 
3869.204896 99.833022 
3871.133712 99.825218 
3873.062528 99.815781 
3874.991344 99.804398 
3876.920160 99.790269 
3878.848976 99.774126 
3880.777792 99.756655 
3882.706608 99.737897 
3884.635424 99.718797 
3886.564240 99.699742 
3888.493056 99.681615 
3890.421872 99.664887 
3892.350688 99.649409 
3894.279504 99.634707 
3896.208320 99.620450 
3898.137136 99.606270 
3900.065952 99.592679 
3901.994768 99.580669 
3903.923584 99.569804 
3905.852400 99.560473 
3907.781216 99.553056 
3909.710032 99.547610 
3911.638848 99.544437 
3913.567664 99.542995 
3915.496480 99.542805 
3917.425296 99.544029 
3919.354112 99.545989 
3921.282928 99.548737 
3923.211744 99.551791 
3925.140560 99.554343 
3927.069376 99.555725 
3928.998192 99.555097 
3930.927008 99.552714 
3932.855824 99.547183 
3934.784640 99.537092 
3936.713456 99.524043 
3938.642272 99.509910 
3940.571088 99.496031 
3942.499904 99.483048 
3944.428720 99.471240 
3946.357536 99.459935 
3948.286352 99.450478 
3950.215168 99.444109 
3952.143984 99.440766 
3954.072800 99.440812 
3956.001616 99.443565 
3957.930432 99.448168 
3959.859248 99.453303 
3961.788064 99.457891 
3963.716880 99.462303 
3965.645696 99.465614 
3967.574512 99.464898 
3969.503328 99.458417 
3971.432144 99.446110 
3973.360960 99.429411 
3975.289776 99.411431 
3977.218592 99.394297 
3979.147408 99.379458 
3981.076224 99.366579 
3983.005040 99.353919 
3984.933856 99.343650 
3986.862672 99.339099 
3988.791488 99.339563 
3990.720304 99.343974 
3992.649120 99.350179 
3994.577936 99.356633 
3996.506752 99.363840 
3998.435568 99.372323 
4000.364384 99.380229 