698.231392 84.219009 
700.160208 83.584435 
702.089024 82.972379 
704.017840 82.403258 
705.946656 81.898212 
707.875472 81.449631 
709.804288 81.057490 
711.733104 80.727610 
713.661920 80.438318 
715.590736 80.142207 
717.519552 79.757212 
719.448368 79.217600 
721.377184 78.556794 
723.306000 77.755639 
725.234816 76.771837 
727.163632 75.502002 
729.092448 73.884570 
731.021264 72.060100 
732.950080 70.300050 
734.878896 68.774858 
736.807712 67.489256 
738.736528 66.497949 
740.665344 65.885472 
742.594160 65.663459 
744.522976 65.841679 
746.451792 66.391739 
748.380608 67.253776 
750.309424 68.364267 
752.238240 69.645086 
754.167056 71.037791 
756.095872 72.440748 
758.024688 73.784685 
759.953504 75.003721 
761.882320 75.985130 
763.811136 76.727019 
765.739952 77.310574 
767.668768 77.805430 
769.597584 78.261247 
771.526400 78.703238 
773.455216 79.194776 
775.384032 79.773392 
777.312848 80.427573 
779.241664 81.150300 
781.170480 81.959289 
783.099296 82.884224 
785.028112 83.879195 
786.956928 84.856771 
788.885744 85.719114 
790.814560 86.371498 
792.743376 86.769470 
794.672192 86.817199 
796.601008 86.445643 
798.529824 85.753433 
800.458640 84.894542 
802.387456 83.990335 
804.316272 83.122119 
806.245088 82.338298 
808.173904 81.693290 
810.102720 81.201190 
812.031536 80.883630 
813.960352 80.778234 
815.889168 80.927425 
817.817984 81.313479 
819.746800 81.890205 
821.675616 82.590092 
823.604432 83.305619 
825.533248 83.915350 
827.462064 84.324108 
829.390880 84.464078 
831.319696 84.398049 
833.248512 84.266951 
835.177328 84.189403 
837.106144 84.225600 
839.034960 84.371966 
840.963776 84.623132 
842.892592 84.979634 
844.821408 85.394570 
846.750224 85.876982 
848.679040 86.429510 
850.607856 87.020199 
852.536672 87.617976 
854.465488 88.175036 
856.394304 88.597659 
858.323120 88.820778 
860.251936 88.819717 
862.180752 88.645807 
864.109568 88.354096 
866.038384 88.004880 
867.967200 87.646512 
869.896016 87.332310 
871.824832 87.091908 
873.753648 86.947784 
875.682464 86.893882 
877.611280 86.911803 
879.540096 86.974676 
881.468912 87.101973 
883.397728 87.313658 
885.326544 87.606334 
887.255360 87.992264 
889.184176 88.447539 
891.112992 88.921158 
893.041808 89.409924 
894.970624 89.886450 
896.899440 90.333679 
898.828256 90.733549 
900.757072 91.075573 
902.685888 91.391410 
904.614704 91.710774 
906.543520 92.015535 
908.472336 92.290175 
910.401152 92.525821 
912.329968 92.714621 
914.258784 92.842826 
916.187600 92.926791 
918.116416 92.992092 
920.045232 93.021917 
921.974048 93.008812 
923.902864 92.964282 
925.831680 92.886652 
927.760496 92.788119 
929.689312 92.655830 
931.618128 92.477318 
933.546944 92.246818 
935.475760 91.985318 
937.404576 91.722579 
939.333392 91.467937 
941.262208 91.209672 
943.191024 90.963710 
945.119840 90.744255 
947.048656 90.542522 
948.977472 90.359679 
950.906288 90.214663 
952.835104 90.117759 
954.763920 90.048867 
956.692736 90.007706 
958.621552 90.010476 
960.550368 90.039815 
962.479184 90.058062 
964.408000 90.060807 
966.336816 90.033707 
968.265632 89.972138 
970.194448 89.900404 
972.123264 89.822163 
974.052080 89.727512 
975.980896 89.624806 
977.909712 89.528287 
979.838528 89.438885 
981.767344 89.356249 
983.696160 89.264832 
985.624976 89.138221 
987.553792 88.976774 
989.482608 88.797245 
991.411424 88.628567 
993.340240 88.481789 
995.269056 88.346604 
997.197872 88.209113 
999.126688 88.066439 
1001.055504 87.913917 
1002.984320 87.743813 
1004.913136 87.570306 
1006.841952 87.397488 
1008.770768 87.207200 
1010.699584 86.997129 
1012.628400 86.789173 
1014.557216 86.594797 
1016.486032 86.398115 
1018.414848 86.173848 
1020.343664 85.905337 
1022.272480 85.623441 
1024.201296 85.371070 
1026.130112 85.178865 
1028.058928 85.046763 
1029.987744 84.966767 
1031.916560 84.958597 
1033.845376 85.010384 
1035.774192 85.111668 
1037.703008 85.242553 
1039.631824 85.405393 
1041.560640 85.586922 
1043.489456 85.769071 
1045.418272 85.952953 
1047.347088 86.151646 
1049.275904 86.358604 
1051.204720 86.549867 
1053.133536 86.694953 
1055.062352 86.789473 
1056.991168 86.834520 
1058.919984 86.846845 
1060.848800 86.846477 
1062.777616 86.855851 
1064.706432 86.869241 
1066.635248 86.907589 
1068.564064 86.972862 
1070.492880 87.053271 
1072.421696 87.142120 
1074.350512 87.249790 
1076.279328 87.389345 
1078.208144 87.539133 
1080.136960 87.684700 
1082.065776 87.829417 
1083.994592 87.980800 
1085.923408 88.123712 
1087.852224 88.218060 
1089.781040 88.265415 
1091.709856 88.257846 
1093.638672 88.206022 
1095.567488 88.118541 
1097.496304 88.007896 
1099.425120 87.868885 
1101.353936 87.736707 
1103.282752 87.619832 
1105.211568 87.502001 
1107.140384 87.385173 
1109.069200 87.272785 
1110.998016 87.190241 
1112.926832 87.125179 
1114.855648 87.078523 
1116.784464 87.074156 
1118.713280 87.097693 
1120.642096 87.122096 
1122.570912 87.141715 
1124.499728 87.178185 
1126.428544 87.234483 
1128.357360 87.307422 
1130.286176 87.373696 
1132.214992 87.423045 
1134.143808 87.467264 
1136.072624 87.500340 
1138.001440 87.526879 
1139.930256 87.538248 
1141.859072 87.512988 
1143.787888 87.469673 
1145.716704 87.437473 
1147.645520 87.409763 
1149.574336 87.389717 
1151.503152 87.386088 
1153.431968 87.402543 
1155.360784 87.450783 
1157.289600 87.540054 
1159.218416 87.677645 
1161.147232 87.864107 
1163.076048 88.089771 
1165.004864 88.303447 
1166.933680 88.471313 
1168.862496 88.623934 
1170.791312 88.756959 
1172.720128 88.874586 
1174.648944 88.955750 
1176.577760 88.980517 
1178.506576 88.961294 
1180.435392 88.914172 
1182.364208 88.850522 
1184.293024 88.769829 
1186.221840 88.694463 
1188.150656 88.652061 
1190.079472 88.639930 
1192.008288 88.659142 
1193.937104 88.719160 
1195.865920 88.818757 
1197.794736 88.943081 
1199.723552 89.049649 
1201.652368 89.130517 
1203.581184 89.216529 
1205.510000 89.317464 
1207.438816 89.431079 
1209.367632 89.530586 
1211.296448 89.599268 
1213.225264 89.639587 
1215.154080 89.656385 
1217.082896 89.642621 
1219.011712 89.590882 
1220.940528 89.510300 
1222.869344 89.393331 
1224.798160 89.227220 
1226.726976 89.007896 
1228.655792 88.751760 
1230.584608 88.481815 
1232.513424 88.217507 
1234.442240 87.961225 
1236.371056 87.727284 
1238.299872 87.528785 
1240.228688 87.378688 
1242.157504 87.255523 
1244.086320 87.137344 
1246.015136 87.032921 
1247.943952 86.940400 
1249.872768 86.859325 
1251.801584 86.786784 
1253.730400 86.718817 
1255.659216 86.642418 
1257.588032 86.543008 
1259.516848 86.420595 
1261.445664 86.296768 
1263.374480 86.200907 
1265.303296 86.148992 
1267.232112 86.135961 
1269.160928 86.147837 
1271.089744 86.182113 
1273.018560 86.233860 
1274.947376 86.292838 
1276.876192 86.350043 
1278.805008 86.412591 
1280.733824 86.488728 
1282.662640 86.567126 
1284.591456 86.647005 
1286.520272 86.733868 
1288.449088 86.834690 
1290.377904 86.942550 
1292.306720 87.055015 
1294.235536 87.175676 
1296.164352 87.307209 
1298.093168 87.442536 
1300.021984 87.575311 
1301.950800 87.699165 
1303.879616 87.817777 
1305.808432 87.937419 
1307.737248 88.059499 
1309.666064 88.178013 
1311.594880 88.288459 
1313.523696 88.405977 
1315.452512 88.531727 
1317.381328 88.646333 
1319.310144 88.751772 
1321.238960 88.857210 
1323.167776 88.962803 
1325.096592 89.063477 
1327.025408 89.160809 
1328.954224 89.248108 
1330.883040 89.341009 
1332.811856 89.426193 
1334.740672 89.504387 
1336.669488 89.590879 
1338.598304 89.672927 
1340.527120 89.783822 
1342.455936 89.892488 
1344.384752 89.985272 
1346.313568 90.056673 
1348.242384 90.105747 
1350.171200 90.138826 
1352.100016 90.152260 
1354.028832 90.135346 
1355.957648 90.061922 
1357.886464 89.954820 
1359.815280 89.846532 
1361.744096 89.684321 
1363.672912 89.471264 
1365.601728 89.241727 
1367.530544 89.002549 
1369.459360 88.785388 
1371.388176 88.609761 
1373.316992 88.477800 
1375.245808 88.417807 
1377.174624 88.382829 
1379.103440 88.386824 
1381.032256 88.433401 
1382.961072 88.521452 
1384.889888 88.659714 
1386.818704 88.826584 
1388.747520 88.993390 
1390.676336 89.132155 
1392.605152 89.306321 
1394.533968 89.477936 
1396.462784 89.586561 
1398.391600 89.658503 
1400.320416 89.702815 
1402.249232 89.717544 
1404.178048 89.703589 
1406.106864 89.657846 
1408.035680 89.582466 
1409.964496 89.478139 
1411.893312 89.338523 
1413.822128 89.171988 
1415.750944 88.982165 
1417.679760 88.770745 
1419.608576 88.541936 
1421.537392 88.298407 
1423.466208 88.056511 
1425.395024 87.790909 
1427.323840 87.546704 
1429.252656 87.287029 
1431.181472 87.033625 
1433.110288 86.803042 
1435.039104 86.551855 
1436.967920 86.269810 
1438.896736 85.972859 
1440.825552 85.692623 
1442.754368 85.462092 
1444.683184 85.289732 
1446.612000 85.155910 
1448.540816 85.078865 
1450.469632 85.081845 
1452.398448 85.167558 
1454.327264 85.343763 
1456.256080 85.605526 
1458.184896 85.942408 
1460.113712 86.318610 
1462.042528 86.736564 
1463.971344 87.207675 
1465.900160 87.727335 
1467.828976 88.262304 
1469.757792 88.732039 
1471.686608 89.149965 
1473.615424 89.537323 
1475.544240 89.908574 
1477.473056 90.249461 
1479.401872 90.531523 
1481.330688 90.747100 
1483.259504 90.935813 
1485.188320 91.101104 
1487.117136 91.240742 
1489.045952 91.361838 
1490.974768 91.467234 
1492.903584 91.563025 
1494.832400 91.655778 
1496.761216 91.755636 
1498.690032 91.889963 
1500.618848 92.044301 
1502.547664 92.213566 
1504.476480 92.385148 
1506.405296 92.569031 
1508.334112 92.765539 
1510.262928 92.968043 
1512.191744 93.158418 
1514.120560 93.350928 
1516.049376 93.534311 
1517.978192 93.687917 
1519.907008 93.869670 
1521.835824 94.037340 
1523.764640 94.188599 
1525.693456 94.324456 
1527.622272 94.443021 
1529.551088 94.519500 
1531.479904 94.583690 
1533.408720 94.662341 
1535.337536 94.731093 
1537.266352 94.783387 
1539.195168 94.811195 
1541.123984 94.809238 
1543.052800 94.780720 
1544.981616 94.708451 
1546.910432 94.604807 
1548.839248 94.518251 
1550.768064 94.419094 
1552.696880 94.295989 
1554.625696 94.186593 
1556.554512 94.042055 
1558.483328 93.877393 
1560.412144 93.694362 
1562.340960 93.496741 
1564.269776 93.281275 
1566.198592 93.068415 
1568.127408 92.847906 
1570.056224 92.586320 
1571.985040 92.301575 
1573.913856 91.996043 
1575.842672 91.670889 
1577.771488 91.335893 
1579.700304 91.021404 
1581.629120 90.724725 
1583.557936 90.433458 
1585.486752 90.127536 
1587.415568 89.825606 
1589.344384 89.552378 
1591.273200 89.334496 
1593.202016 89.154770 
1595.130832 89.045284 
1597.059648 88.981727 
1598.988464 88.956427 
1600.917280 88.961982 
1602.846096 89.013575 
1604.774912 89.111084 
1606.703728 89.247463 
1608.632544 89.408070 
1610.561360 89.588172 
1612.490176 89.780369 
1614.418992 90.021304 
1616.347808 90.225508 
1618.276624 90.396306 
1620.205440 90.565076 
1622.134256 90.725585 
1624.063072 90.893600 
1625.991888 91.076184 
1627.920704 91.240419 
1629.849520 91.395139 
1631.778336 91.525129 
1633.707152 91.646793 
1635.635968 91.757264 
1637.564784 91.858257 
1639.493600 91.933681 
1641.422416 91.997538 
1643.351232 92.079480 
1645.280048 92.158764 
1647.208864 92.241413 
1649.137680 92.352670 
1651.066496 92.447459 
1652.995312 92.549904 
1654.924128 92.659580 
1656.852944 92.768089 
1658.781760 92.889907 
1660.710576 93.001252 
1662.639392 93.089648 
1664.568208 93.172828 
1666.497024 93.253003 
1668.425840 93.318002 
1670.354656 93.363585 
1672.283472 93.391774 
1674.212288 93.400172 
1676.141104 93.436330 
1678.069920 93.469241 
1679.998736 93.470713 
1681.927552 93.464845 
1683.856368 93.460606 
1685.785184 93.452073 
1687.714000 93.435084 
1689.642816 93.400666 
1691.571632 93.332536 
1693.500448 93.270920 
1695.429264 93.208753 
1697.358080 93.128061 
1699.286896 93.019388 
1701.215712 92.883188 
1703.144528 92.729456 
1705.073344 92.535051 
1707.002160 92.297924 
1708.930976 92.021779 
1710.859792 91.678674 
1712.788608 91.261723 
1714.717424 90.837492 
1716.646240 90.425796 
1718.575056 90.057488 
1720.503872 89.740622 
1722.432688 89.482054 
1724.361504 89.303967 
1726.290320 89.228991 
1728.219136 89.295738 
1730.147952 89.474948 
1732.076768 89.753443 
1734.005584 90.131051 
1735.934400 90.570251 
1737.863216 91.101042 
1739.792032 91.684625 
1741.720848 92.268421 
1743.649664 92.820956 
1745.578480 93.305455 
1747.507296 93.751123 
1749.436112 94.179277 
1751.364928 94.560953 
1753.293744 94.898469 
1755.222560 95.177040 
1757.151376 95.399089 
1759.080192 95.582987 
1761.009008 95.737289 
1762.937824 95.865183 
1764.866640 95.969229 
1766.795456 96.050181 
1768.724272 96.106387 
1770.653088 96.163393 
1772.581904 96.259756 
1774.510720 96.358228 
1776.439536 96.430939 
1778.368352 96.495092 
1780.297168 96.548742 
1782.225984 96.595248 
1784.154800 96.644539 
1786.083616 96.680078 
1788.012432 96.707641 
1789.941248 96.729998 
1791.870064 96.749590 
1793.798880 96.769253 
1795.727696 96.791452 
1797.656512 96.813178 
1799.585328 96.839014 
1801.514144 96.866883 
1803.442960 96.899132 
1805.371776 96.946764 
1807.300592 96.990993 
1809.229408 97.036241 
1811.158224 97.082906 
1813.087040 97.130720 
1815.015856 97.179087 
1816.944672 97.225830 
1818.873488 97.269150 
1820.802304 97.307074 
1822.731120 97.340537 
1824.659936 97.370570 
1826.588752 97.397198 
1828.517568 97.421727 
1830.446384 97.444247 
1832.375200 97.463783 
1834.304016 97.481900 
1836.232832 97.496916 
1838.161648 97.509991 
1840.090464 97.520085 
1842.019280 97.528225 
1843.948096 97.534318 
1845.876912 97.538140 
1847.805728 97.540375 
1849.734544 97.540594 
1851.663360 97.537777 
1853.592176 97.531634 
1855.520992 97.521879 
1857.449808 97.509074 
1859.378624 97.495819 
1861.307440 97.481388 
1863.236256 97.465387 
1865.165072 97.446197 
1867.093888 97.423993 
1869.022704 97.399805 
1870.951520 97.376418 
1872.880336 97.350345 
1874.809152 97.321789 
1876.737968 97.290722 
1878.666784 97.257100 
1880.595600 97.220878 
1882.524416 97.181381 
1884.453232 97.139715 
1886.382048 97.094987 
1888.310864 97.048320 
1890.239680 96.999894 
1892.168496 96.949477 
1894.097312 96.898428 
1896.026128 96.844056 
1897.954944 96.786967 
1899.883760 96.728380 
1901.812576 96.669445 
1903.741392 96.611118 
1905.670208 96.553862 
1907.599024 96.498147 
1909.527840 96.447166 
1911.456656 96.400670 
1913.385472 96.354552 
1915.314288 96.314295 
1917.243104 96.282591 
1919.171920 96.256220 
1921.100736 96.238759 
1923.029552 96.231668 
1924.958368 96.234365 
1926.887184 96.246783 
1928.816000 96.269133 
1930.744816 96.301349 
1932.673632 96.343747 
1934.602448 96.394629 
1936.531264 96.453053 
1938.460080 96.519585 
1940.388896 96.590662 
1942.317712 96.672992 
1944.246528 96.763241 
1946.175344 96.855565 
1948.104160 96.947754 
1950.032976 97.044549 
1951.961792 97.142108 
1953.890608 97.234139 
1955.819424 97.328683 
1957.748240 97.419618 
1959.677056 97.505450 
1961.605872 97.589838 
1963.534688 97.669861 
1965.463504 97.741137 
1967.392320 97.805764 
1969.321136 97.862113 
1971.249952 97.911421 
1973.178768 97.954933 
1975.107584 97.992459 
1977.036400 98.029365 
1978.965216 98.054632 
1980.894032 98.082008 
1982.822848 98.105162 
1984.751664 98.127283 
1986.680480 98.143168 
1988.609296 98.152802 
1990.538112 98.160325 
1992.466928 98.166618 
1994.395744 98.174633 
1996.324560 98.181245 
1998.253376 98.183966 
2000.182192 98.188152 
2002.111008 98.202145 
2004.039824 98.216318 
2005.968640 98.227348 
2007.897456 98.234867 
2009.826272 98.240306 
2011.755088 98.245831 
2013.683904 98.246867 
2015.612720 98.250910 
2017.541536 98.248223 
2019.470352 98.241523 
2021.399168 98.225293 
2023.327984 98.202685 
2025.256800 98.179914 
2027.185616 98.161278 
2029.114432 98.143986 
2031.043248 98.130726 
2032.972064 98.122728 
2034.900880 98.118017 
2036.829696 98.118070 
2038.758512 98.114584 
2040.687328 98.110023 
2042.616144 98.107738 
2044.544960 98.106492 
2046.473776 98.104519 
2048.402592 98.102246 
2050.331408 98.100087 
2052.260224 98.095367 
2054.189040 98.089672 
2056.117856 98.080327 
2058.046672 98.068842 
2059.975488 98.064682 
2061.904304 98.063726 
2063.833120 98.064266 
2065.761936 98.065466 
2067.690752 98.059648 
2069.619568 98.054031 
2071.548384 98.054780 
2073.477200 98.057270 
2075.406016 98.064124 
2077.334832 98.070904 
2079.263648 98.071072 
2081.192464 98.071591 
2083.121280 98.077608 
2085.050096 98.080306 
2086.978912 98.077874 
2088.907728 98.073912 
2090.836544 98.063628 
2092.765360 98.051236 
2094.694176 98.040897 
2096.622992 98.031635 
2098.551808 98.024091 
2100.480624 98.012839 
2102.409440 98.000086 
2104.338256 97.989478 
2106.267072 97.983203 
2108.195888 97.983354 
2110.124704 97.985058 
2112.053520 97.982006 
2113.982336 97.978036 
2115.911152 97.980942 
2117.839968 97.987856 
2119.768784 97.995080 
2121.697600 97.997828 
2123.626416 97.998703 
2125.555232 97.999717 
2127.484048 98.002083 
2129.412864 98.009614 
2131.341680 98.016106 
2133.270496 98.014157 
2135.199312 98.009103 
2137.128128 98.008135 
2139.056944 98.004723 
2140.985760 98.002584 
2142.914576 98.001735 
2144.843392 97.998494 
2146.772208 97.998122 
2148.701024 98.002333 
2150.629840 98.005066 
2152.558656 98.006869 
2154.487472 98.008104 
2156.416288 98.005036 
2158.345104 98.008425 
2160.273920 98.015568 
2162.202736 98.019852 
2164.131552 98.022840 
2166.060368 98.018821 
2167.989184 98.015850 
2169.918000 98.021603 
2171.846816 98.026847 
2173.775632 98.026575 
2175.704448 98.024118 
2177.633264 98.025624 
2179.562080 98.032451 
2181.490896 98.037556 
2183.419712 98.040857 
2185.348528 98.041768 
2187.277344 98.042389 
2189.206160 98.040355 
2191.134976 98.035101 
2193.063792 98.036042 
2194.992608 98.031988 
2196.921424 98.020073 
2198.850240 98.008680 
2200.779056 97.992557 
2202.707872 97.972227 
2204.636688 97.944533 
2206.565504 97.909221 
2208.494320 97.869379 
2210.423136 97.820900 
2212.351952 97.772706 
2214.280768 97.730371 
2216.209584 97.697094 
2218.138400 97.677681 
2220.067216 97.669568 
2221.996032 97.667664 
2223.924848 97.672825 
2225.853664 97.689996 
2227.782480 97.722269 
2229.711296 97.757490 
2231.640112 97.792839 
2233.568928 97.829406 
2235.497744 97.859426 
2237.426560 97.882661 
2239.355376 97.898131 
2241.284192 97.906423 
2243.213008 97.905530 
2245.141824 97.896201 
2247.070640 97.886440 
2248.999456 97.880622 
2250.928272 97.878448 
2252.857088 97.875388 
2254.785904 97.871529 
2256.714720 97.867016 
2258.643536 97.864517 
2260.572352 97.865332 
2262.501168 97.865945 
2264.429984 97.862329 
2266.358800 97.854977 
2268.287616 97.847526 
2270.216432 97.839039 
2272.145248 97.829494 
2274.074064 97.818802 
2276.002880 97.806782 
2277.931696 97.794219 
2279.860512 97.781230 
2281.789328 97.767253 
2283.718144 97.751767 
2285.646960 97.734253 
2287.575776 97.715151 
2289.504592 97.695444 
2291.433408 97.674972 
2293.362224 97.653872 
2295.291040 97.632867 
2297.219856 97.611802 
2299.148672 97.591099 
2301.077488 97.571543 
2303.006304 97.553055 
2304.935120 97.535988 
2306.863936 97.521159 
2308.792752 97.508892 
2310.721568 97.499758 
2312.650384 97.494260 
2314.579200 97.491396 
2316.508016 97.489793 
2318.436832 97.487682 
2320.365648 97.483734 
2322.294464 97.478260 
2324.223280 97.470772 
2326.152096 97.461195 
2328.080912 97.451174 
2330.009728 97.440976 
2331.938544 97.430286 
2333.867360 97.418956 
2335.796176 97.406770 
2337.724992 97.393906 
2339.653808 97.381174 
2341.582624 97.369034 
2343.511440 97.358962 
2345.440256 97.352368 
2347.369072 97.348726 
2349.297888 97.346594 
2351.226704 97.344032 
2353.155520 97.338959 
2355.084336 97.330976 
2357.013152 97.320654 
2358.941968 97.308912 
2360.870784 97.297016 
2362.799600 97.284558 
2364.728416 97.270724 
2366.657232 97.256396 
2368.586048 97.241354 
2370.514864 97.226114 
2372.443680 97.211623 
2374.372496 97.196465 
2376.301312 97.185110 
2378.230128 97.178048 
2380.158944 97.174262 
2382.087760 97.172584 
2384.016576 97.172738 
2385.945392 97.171463 
2387.874208 97.168563 
2389.803024 97.164662 
2391.731840 97.155320 
2393.660656 97.144484 
2395.589472 97.134923 
2397.518288 97.120871 
2399.447104 97.101706 
2401.375920 97.083720 
2403.304736 97.068644 
2405.233552 97.053017 
2407.162368 97.038517 
2409.091184 97.022514 
2411.020000 97.009972 
2412.948816 96.999799 
2414.877632 96.987340 
2416.806448 96.976088 
2418.735264 96.965622 
2420.664080 96.954264 
2422.592896 96.941779 
2424.521712 96.928441 
2426.450528 96.913906 
2428.379344 96.896677 
2430.308160 96.878969 
2432.236976 96.856179 
2434.165792 96.833116 
2436.094608 96.812752 
2438.023424 96.795354 
2439.952240 96.781948 
2441.881056 96.770016 
2443.809872 96.759459 
2445.738688 96.748166 
2447.667504 96.735283 
2449.596320 96.722277 
2451.525136 96.716350 
2453.453952 96.712663 
2455.382768 96.703595 
2457.311584 96.690759 
2459.240400 96.678148 
2461.169216 96.663279 
2463.098032 96.641354 
2465.026848 96.622078 
2466.955664 96.604713 
2468.884480 96.588959 
2470.813296 96.572485 
2472.742112 96.562398 
2474.670928 96.562712 
2476.599744 96.560082 
2478.528560 96.551959 
2480.457376 96.540887 
2482.386192 96.535150 
2484.315008 96.532668 
2486.243824 96.530534 
2488.172640 96.522674 
2490.101456 96.503649 
2492.030272 96.482814 
2493.959088 96.467548 
2495.887904 96.456288 
2497.816720 96.443437 
2499.745536 96.431815 
2501.674352 96.423214 
2503.603168 96.416086 
2505.531984 96.407151 
2507.460800 96.399224 
2509.389616 96.392856 
2511.318432 96.381670 
2513.247248 96.369220 
2515.176064 96.364531 
2517.104880 96.364475 
2519.033696 96.359930 
2520.962512 96.355185 
2522.891328 96.348267 
2524.820144 96.336116 
2526.748960 96.328773 
2528.677776 96.329846 
2530.606592 96.330768 
2532.535408 96.325951 
2534.464224 96.321052 
2536.393040 96.314154 
2538.321856 96.302617 
2540.250672 96.291587 
2542.179488 96.284001 
2544.108304 96.281491 
2546.037120 96.285299 
2547.965936 96.287389 
2549.894752 96.286279 
2551.823568 96.284409 
2553.752384 96.279920 
2555.681200 96.275859 
2557.610016 96.270733 
2559.538832 96.261474 
2561.467648 96.255195 
2563.396464 96.250082 
2565.325280 96.237091 
2567.254096 96.217069 
2569.182912 96.192442 
2571.111728 96.168133 
2573.040544 96.152057 
2574.969360 96.143414 
2576.898176 96.135551 
2578.826992 96.127397 
2580.755808 96.121007 
2582.684624 96.108766 
2584.613440 96.097302 
2586.542256 96.091685 
2588.471072 96.084439 
2590.399888 96.078115 
2592.328704 96.073549 
2594.257520 96.069721 
2596.186336 96.071166 
2598.115152 96.072592 
2600.043968 96.068146 
2601.972784 96.060674 
2603.901600 96.048188 
2605.830416 96.038902 
2607.759232 96.028819 
2609.688048 96.015528 
2611.616864 96.003489 
2613.545680 95.992615 
2615.474496 95.988343 
2617.403312 95.987520 
2619.332128 95.986099 
2621.260944 95.984286 
2623.189760 95.982202 
2625.118576 95.981880 
2627.047392 95.981176 
2628.976208 95.987399 
2630.905024 95.995913 
2632.833840 95.998113 
2634.762656 95.995954 
2636.691472 95.989769 
2638.620288 95.975722 
2640.549104 95.964366 
2642.477920 95.952134 
2644.406736 95.944325 
2646.335552 95.939102 
2648.264368 95.931473 
2650.193184 95.927448 
2652.122000 95.926584 
2654.050816 95.921221 
2655.979632 95.915153 
2657.908448 95.910188 
2659.837264 95.903970 
2661.766080 95.900153 
2663.694896 95.901116 
2665.623712 95.902244 
2667.552528 95.901552 
2669.481344 95.905421 
2671.410160 95.912533 
2673.338976 95.915413 
2675.267792 95.918634 
2677.196608 95.916677 
2679.125424 95.913987 
2681.054240 95.913500 
2682.983056 95.910718 
2684.911872 95.906825 
2686.840688 95.900405 
2688.769504 95.887710 
2690.698320 95.879840 
2692.627136 95.873442 
2694.555952 95.862525 
2696.484768 95.851613 
2698.413584 95.836386 
2700.342400 95.826039 
2702.271216 95.818388 
2704.200032 95.810728 
2706.128848 95.802599 
2708.057664 95.791421 
2709.986480 95.773442 
2711.915296 95.748633 
2713.844112 95.725207 
2715.772928 95.708280 
2717.701744 95.683488 
2719.630560 95.654348 
2721.559376 95.631452 
2723.488192 95.616023 
2725.417008 95.606255 
2727.345824 95.597013 
2729.274640 95.586286 
2731.203456 95.579913 
2733.132272 95.578778 
2735.061088 95.589056 
2736.989904 95.601502 
2738.918720 95.608936 
2740.847536 95.614041 
2742.776352 95.620634 
2744.705168 95.623569 
2746.633984 95.621439 
2748.562800 95.616566 
2750.491616 95.615273 
2752.420432 95.606690 
2754.349248 95.593894 
2756.278064 95.581357 
2758.206880 95.567045 
2760.135696 95.553321 
2762.064512 95.542486 
2763.993328 95.526689 
2765.922144 95.511068 
2767.850960 95.498398 
2769.779776 95.483497 
2771.708592 95.458774 
2773.637408 95.433852 
2775.566224 95.413851 
2777.495040 95.403034 
2779.423856 95.396386 
2781.352672 95.390331 
2783.281488 95.384163 
2785.210304 95.369137 
2787.139120 95.339602 
2789.067936 95.307807 
2790.996752 95.281535 
2792.925568 95.256754 
2794.854384 95.228327 
2796.783200 95.201598 
2798.712016 95.171071 
2800.640832 95.138318 
2802.569648 95.107895 
2804.498464 95.075965 
2806.427280 95.036457 
2808.356096 94.998359 
2810.284912 94.962859 
2812.213728 94.929062 
2814.142544 94.896558 
2816.071360 94.857344 
2818.000176 94.795584 
2819.928992 94.715545 
2821.857808 94.629847 
2823.786624 94.540138 
2825.715440 94.433040 
2827.644256 94.298059 
2829.573072 94.138110 
2831.501888 93.954690 
2833.430704 93.747561 
2835.359520 93.524425 
2837.288336 93.295709 
2839.217152 93.070683 
2841.145968 92.856955 
2843.074784 92.669981 
2845.003600 92.518101 
2846.932416 92.405590 
2848.861232 92.329768 
2850.790048 92.278248 
2852.718864 92.240131 
2854.647680 92.219667 
2856.576496 92.215206 
2858.505312 92.221285 
2860.434128 92.237055 
2862.362944 92.262531 
2864.291760 92.290164 
2866.220576 92.309580 
2868.149392 92.324266 
2870.078208 92.332582 
2872.007024 92.340654 
2873.935840 92.352784 
2875.864656 92.362317 
2877.793472 92.363120 
2879.722288 92.354656 
2881.651104 92.341112 
2883.579920 92.313255 
2885.508736 92.257527 
2887.437552 92.170779 
2889.366368 92.061161 
2891.295184 91.943398 
2893.224000 91.836199 
2895.152816 91.747068 
2897.081632 91.661647 
2899.010448 91.564373 
2900.939264 91.445618 
2902.868080 91.302677 
2904.796896 91.156330 
2906.725712 91.012406 
2908.654528 90.864555 
2910.583344 90.722312 
2912.512160 90.597086 
2914.440976 90.507666 
2916.369792 90.457419 
2918.298608 90.434335 
2920.227424 90.440190 
2922.156240 90.480694 
2924.085056 90.557351 
2926.013872 90.674423 
2927.942688 90.829095 
2929.871504 90.988937 
2931.800320 91.141616 
2933.729136 91.282569 
2935.657952 91.389944 
2937.586768 91.466832 
2939.515584 91.536454 
2941.444400 91.583878 
2943.373216 91.613454 
2945.302032 91.639936 
2947.230848 91.659724 
2949.159664 91.675535 
2951.088480 91.694069 
2953.017296 91.718757 
2954.946112 91.757130 
2956.874928 91.814161 
2958.803744 91.890664 
2960.732560 91.988804 
2962.661376 92.107938 
2964.590192 92.241691 
2966.519008 92.396680 
2968.447824 92.557968 
2970.376640 92.714620 
2972.305456 92.874543 
2974.234272 93.039578 
2976.163088 93.196015 
2978.091904 93.347299 
2980.020720 93.483283 
2981.949536 93.589646 
2983.878352 93.665555 
2985.807168 93.719804 
2987.735984 93.754276 
2989.664800 93.773642 
2991.593616 93.781192 
2993.522432 93.774624 
2995.451248 93.754797 
2997.380064 93.716009 
2999.308880 93.660536 
3001.237696 93.593832 
3003.166512 93.516684 
3005.095328 93.429497 
3007.024144 93.331770 
3008.952960 93.228107 
3010.881776 93.116138 
3012.810592 92.998053 
3014.739408 92.886259 
3016.668224 92.776611 
3018.597040 92.657399 
3020.525856 92.542313 
3022.454672 92.435188 
3024.383488 92.328582 
3026.312304 92.222682 
3028.241120 92.107890 
3030.169936 91.976314 
3032.098752 91.844327 
3034.027568 91.725762 
3035.956384 91.613720 
3037.885200 91.509150 
3039.814016 91.412173 
3041.742832 91.332931 
3043.671648 91.270463 
3045.600464 91.227129 
3047.529280 91.216738 
3049.458096 91.251038 
3051.386912 91.314715 
3053.315728 91.397966 
3055.244544 91.507237 
3057.173360 91.628447 
3059.102176 91.759491 
3061.030992 91.911736 
3062.959808 92.065043 
3064.888624 92.215256 
3066.817440 92.376682 
3068.746256 92.537414 
3070.675072 92.689243 
3072.603888 92.837832 
3074.532704 92.982440 
3076.461520 93.124370 
3078.390336 93.254726 
3080.319152 93.375901 
3082.247968 93.493706 
3084.176784 93.606681 
3086.105600 93.712756 
3088.034416 93.806620 
3089.963232 93.889973 
3091.892048 93.962245 
3093.820864 94.032832 
3095.749680 94.102503 
3097.678496 94.160419 
3099.607312 94.204715 
3101.536128 94.244080 
3103.464944 94.276841 
3105.393760 94.301507 
3107.322576 94.325276 
3109.251392 94.356421 
3111.180208 94.391542 
3113.109024 94.422042 
3115.037840 94.443845 
3116.966656 94.467318 
3118.895472 94.493695 
3120.824288 94.513576 
3122.753104 94.526157 
3124.681920 94.541026 
3126.610736 94.549464 
3128.539552 94.555900 
3130.468368 94.551055 
3132.397184 94.540345 
3134.326000 94.522260 
3136.254816 94.498973 
3138.183632 94.470733 
3140.112448 94.441987 
3142.041264 94.418525 
3143.970080 94.404890 
3145.898896 94.397929 
3147.827712 94.393625 
3149.756528 94.391225 
3151.685344 94.392351 
3153.614160 94.394265 
3155.542976 94.392124 
3157.471792 94.391135 
3159.400608 94.390687 
3161.329424 94.386831 
3163.258240 94.393385 
3165.187056 94.395160 
3167.115872 94.387607 
3169.044688 94.377107 
3170.973504 94.375513 
3172.902320 94.383080 
3174.831136 94.396657 
3176.759952 94.409471 
3178.688768 94.426962 
3180.617584 94.440541 
3182.546400 94.451272 
3184.475216 94.458491 
3186.404032 94.449442 
3188.332848 94.434774 
3190.261664 94.425363 
3192.190480 94.415332 
3194.119296 94.407575 
3196.048112 94.401935 
3197.976928 94.391692 
3199.905744 94.370274 
3201.834560 94.338729 
3203.763376 94.321688 
3205.692192 94.320514 
3207.621008 94.329172 
3209.549824 94.341886 
3211.478640 94.358113 
3213.407456 94.371905 
3215.336272 94.380253 
3217.265088 94.401602 
3219.193904 94.414894 
3221.122720 94.403877 
3223.051536 94.395925 
3224.980352 94.395008 
3226.909168 94.386275 
3228.837984 94.375481 
3230.766800 94.362996 
3232.695616 94.348907 
3234.624432 94.331314 
3236.553248 94.310348 
3238.482064 94.300520 
3240.410880 94.291403 
3242.339696 94.282876 
3244.268512 94.281748 
3246.197328 94.285680 
3248.126144 94.282187 
3250.054960 94.282897 
3251.983776 94.286374 
3253.912592 94.264449 
3255.841408 94.236069 
3257.770224 94.220272 
3259.699040 94.207847 
3261.627856 94.201234 
3263.556672 94.208148 
3265.485488 94.221180 
3267.414304 94.232527 
3269.343120 94.237559 
3271.271936 94.239668 
3273.200752 94.246326 
3275.129568 94.248800 
3277.058384 94.245565 
3278.987200 94.242345 
3280.916016 94.234888 
3282.844832 94.229546 
3284.773648 94.225395 
3286.702464 94.212098 
3288.631280 94.184311 
3290.560096 94.166401 
3292.488912 94.155540 
3294.417728 94.147619 
3296.346544 94.159443 
3298.275360 94.182680 
3300.204176 94.188747 
3302.132992 94.191551 
3304.061808 94.214088 
3305.990624 94.236724 
3307.919440 94.253897 
3309.848256 94.265595 
3311.777072 94.269939 
3313.705888 94.276386 
3315.634704 94.290092 
3317.563520 94.300231 
3319.492336 94.304594 
3321.421152 94.300858 
3323.349968 94.276859 
3325.278784 94.249612 
3327.207600 94.238474 
3329.136416 94.237174 
3331.065232 94.242054 
3332.994048 94.233344 
3334.922864 94.205120 
3336.851680 94.191232 
3338.780496 94.205609 
3340.709312 94.223717 
3342.638128 94.234105 
3344.566944 94.256250 
3346.495760 94.268217 
3348.424576 94.277870 
3350.353392 94.297958 
3352.282208 94.318716 
3354.211024 94.333176 
3356.139840 94.334677 
3358.068656 94.333594 
3359.997472 94.346233 
3361.926288 94.388301 
3363.855104 94.422803 
3365.783920 94.439624 
3367.712736 94.455789 
3369.641552 94.472891 
3371.570368 94.492298 
3373.499184 94.525219 
3375.428000 94.544330 
3377.356816 94.538334 
3379.285632 94.533261 
3381.214448 94.529495 
3383.143264 94.532678 
3385.072080 94.536274 
3387.000896 94.528596 
3388.929712 94.523927 
3390.858528 94.530770 
3392.787344 94.543924 
3394.716160 94.562020 
3396.644976 94.582397 
3398.573792 94.583225 
3400.502608 94.570884 
3402.431424 94.559985 
3404.360240 94.545883 
3406.289056 94.530477 
3408.217872 94.514691 
3410.146688 94.486567 
3412.075504 94.469809 
3414.004320 94.480191 
3415.933136 94.493608 
3417.861952 94.489583 
3419.790768 94.487930 
3421.719584 94.498641 
3423.648400 94.529238 
3425.577216 94.562240 
3427.506032 94.587368 
3429.434848 94.619718 
3431.363664 94.658037 
3433.292480 94.690962 
3435.221296 94.726783 
3437.150112 94.766611 
3439.078928 94.806960 
3441.007744 94.847649 
3442.936560 94.886442 
3444.865376 94.930497 
3446.794192 94.980628 
3448.723008 95.025503 
3450.651824 95.063379 
3452.580640 95.106107 
3454.509456 95.142524 
3456.438272 95.169247 
3458.367088 95.200817 
3460.295904 95.230321 
3462.224720 95.247001 
3464.153536 95.260018 
3466.082352 95.296988 
3468.011168 95.340546 
3469.939984 95.383091 
3471.868800 95.420940 
3473.797616 95.439781 
3475.726432 95.461797 
3477.655248 95.492251 
3479.584064 95.517620 
3481.512880 95.547107 
3483.441696 95.577307 
3485.370512 95.610895 
3487.299328 95.668237 
3489.228144 95.720937 
3491.156960 95.761134 
3493.085776 95.788382 
3495.014592 95.801027 
3496.943408 95.812541 
3498.872224 95.823716 
3500.801040 95.849639 
3502.729856 95.864288 
3504.658672 95.861765 
3506.587488 95.856756 
3508.516304 95.839172 
3510.445120 95.825905 
3512.373936 95.827343 
3514.302752 95.836999 
3516.231568 95.854719 
3518.160384 95.856635 
3520.089200 95.868603 
3522.018016 95.923060 
3523.946832 95.964384 
3525.875648 95.987082 
3527.804464 96.006630 
3529.733280 96.030730 
3531.662096 96.058104 
3533.590912 96.076991 
3535.519728 96.094713 
3537.448544 96.111533 
3539.377360 96.129746 
3541.306176 96.152728 
3543.234992 96.174930 
3545.163808 96.200443 
3547.092624 96.238951 
3549.021440 96.273079 
3550.950256 96.289875 
3552.879072 96.296738 
3554.807888 96.320306 
3556.736704 96.362738 
3558.665520 96.388880 
3560.594336 96.394095 
3562.523152 96.399072 
3564.451968 96.407952 
3566.380784 96.422980 
3568.309600 96.442644 
3570.238416 96.465931 
3572.167232 96.493839 
3574.096048 96.527622 
3576.024864 96.568494 
3577.953680 96.616041 
3579.882496 96.669838 
3581.811312 96.729542 
3583.740128 96.792486 
3585.668944 96.864517 
3587.597760 96.929339 
3589.526576 96.995700 
3591.455392 97.056930 
3593.384208 97.097904 
3595.313024 97.124882 
3597.241840 97.158288 
3599.170656 97.187363 
3601.099472 97.210675 
3603.028288 97.227581 
3604.957104 97.240252 
3606.885920 97.251161 
3608.814736 97.260820 
3610.743552 97.268154 
3612.672368 97.271304 
3614.601184 97.274710 
3616.530000 97.280908 
3618.458816 97.295960 
3620.387632 97.303047 
3622.316448 97.299721 
3624.245264 97.305849 
3626.174080 97.314676 
3628.102896 97.325835 
3630.031712 97.338680 
3631.960528 97.352857 
3633.889344 97.369565 
3635.818160 97.390111 
3637.746976 97.415186 
3639.675792 97.444008 
3641.604608 97.476034 
3643.533424 97.509181 
3645.462240 97.551365 
3647.391056 97.598614 
3649.319872 97.649359 
3651.248688 97.700954 
3653.177504 97.752326 
3655.106320 97.793015 
3657.035136 97.841823 
3658.963952 97.895866 
3660.892768 97.950948 
3662.821584 98.001944 
3664.750400 98.049276 
3666.679216 98.098019 
3668.608032 98.146482 
3670.536848 98.190835 
3672.465664 98.230052 
3674.394480 98.265307 
3676.323296 98.300521 
3678.252112 98.338359 
3680.180928 98.384094 
3682.109744 98.427897 
3684.038560 98.465429 
3685.967376 98.497101 
3687.896192 98.529179 
3689.825008 98.566533 
3691.753824 98.609603 
3693.682640 98.657304 
3695.611456 98.707515 
3697.540272 98.759008 
3699.469088 98.816892 
3701.397904 98.882372 
3703.326720 98.946564 
3705.255536 99.008774 
3707.184352 99.068939 
3709.113168 99.126642 
3711.041984 99.183042 
3712.970800 99.236096 
3714.899616 99.286477 
3716.828432 99.332300 
3718.757248 99.368250 
3720.686064 99.395573 
3722.614880 99.418439 
3724.543696 99.437618 
3726.472512 99.452031 
3728.401328 99.461007 
3730.330144 99.463464 
3732.258960 99.462630 
3734.187776 99.462534 
3736.116592 99.464066 
3738.045408 99.465710 
3739.974224 99.464514 
3741.903040 99.455154 
3743.831856 99.439575 
3745.760672 99.421426 
3747.689488 99.401545 
3749.618304 99.382142 
3751.547120 99.362783 
3753.475936 99.341535 
3755.404752 99.318582 
3757.333568 99.299587 
3759.262384 99.273585 
3761.191200 99.246597 
3763.120016 99.217871 
3765.048832 99.190409 
3766.977648 99.170203 
3768.906464 99.159585 
3770.835280 99.152564 
3772.764096 99.156822 
3774.692912 99.168319 
3776.621728 99.180129 
3778.550544 99.192170 
3780.479360 99.205099 
3782.408176 99.218337 
3784.336992 99.232170 
3786.265808 99.247944 
3788.194624 99.265708 
3790.123440 99.283182 
3792.052256 99.296321 
3793.981072 99.286586 
3795.909888 99.307211 
3797.838704 99.324787 
3799.767520 99.339463 
3801.696336 99.354179 
3803.625152 99.371505 
3805.553968 99.390468 
3807.482784 99.415686 
3809.411600 99.434234 
3811.340416 99.448046 
3813.269232 99.491677 
3815.198048 99.527015 
3817.126864 99.553560 
3819.055680 99.577317 
3820.984496 99.601626 
3822.913312 99.624289 
3824.842128 99.637516 
3826.770944 99.627202 
3828.699760 99.592504 
3830.628576 99.626595 
3832.557392 99.643072 
3834.486208 99.642562 
3836.415024 99.631001 
3838.343840 99.611090 
3840.272656 99.580606 
3842.201472 99.547640 
3844.130288 99.527745 
3846.059104 99.517666 
3847.987920 99.517885 
3849.916736 99.489188 
3851.845552 99.463572 
3853.774368 99.445275 
3855.703184 99.429232 
3857.632000 99.411262 
3859.560816 99.373832 
3861.489632 99.348590 
3863.418448 99.334163 
3865.347264 99.359024 
3867.276080 99.351252 
3869.204896 99.330075 
3871.133712 99.320267 
3873.062528 99.295569 
3874.991344 99.271804 
3876.920160 99.252322 
3878.848976 99.238025 
3880.777792 99.214052 
3882.706608 99.186723 
3884.635424 99.162374 
3886.564240 99.143109 
3888.493056 99.125465 
3890.421872 99.113391 
3892.350688 99.083899 
3894.279504 99.061494 
3896.208320 99.059385 
3898.137136 99.039988 
3900.065952 99.017739 
3901.994768 98.997987 
3903.923584 98.984390 
3905.852400 98.976483 
3907.781216 98.954160 
3909.710032 98.939849 
3911.638848 98.924817 
3913.567664 98.916096 
3915.496480 98.910737 
3917.425296 98.906512 
3919.354112 98.904367 
3921.282928 98.901843 
3923.211744 98.899183 
3925.140560 98.894954 
3927.069376 98.878126 
3928.998192 98.875754 
3930.927008 98.866268 
3932.855824 98.851262 
3934.784640 98.837275 
3936.713456 98.825017 
3938.642272 98.813965 
3940.571088 98.802041 
3942.499904 98.788281 
3944.428720 98.773297 
3946.357536 98.760841 
3948.286352 98.755346 
3950.215168 98.753673 
3952.143984 98.748582 
3954.072800 98.743209 
3956.001616 98.741423 
3957.930432 98.759699 
3959.859248 98.781065 
3961.788064 98.785839 
3963.716880 98.783857 
3965.645696 98.787954 
3967.574512 98.791513 
3969.503328 98.779806 
3971.432144 98.754931 
3973.360960 98.726271 
3975.289776 98.695676 
3977.218592 98.672685 
3979.147408 98.659776 
3981.076224 98.639532 
3983.005040 98.613781 
3984.933856 98.589045 
3986.862672 98.566609 
3988.791488 98.556511 
3990.720304 98.560723 
3992.649120 98.578022 
3994.577936 98.584162 
3996.506752 98.580803 
3998.435568 98.587589 
4000.364384 98.601073 