698.231392 93.112010 
700.160208 93.124565 
702.089024 93.154735 
704.017840 93.208301 
705.946656 93.291376 
707.875472 93.403655 
709.804288 93.538662 
711.733104 93.688459 
713.661920 93.840208 
715.590736 93.975146 
717.519552 94.071738 
719.448368 94.113898 
721.377184 94.086435 
723.306000 93.981030 
725.234816 93.796961 
727.163632 93.540024 
729.092448 93.220185 
731.021264 92.854857 
732.950080 92.465909 
734.878896 92.078456 
736.807712 91.717087 
738.736528 91.401592 
740.665344 91.149952 
742.594160 90.975679 
744.522976 90.882152 
746.451792 90.864590 
748.380608 90.913239 
750.309424 91.014822 
752.238240 91.152726 
754.167056 91.309132 
756.095872 91.469420 
758.024688 91.623165 
759.953504 91.761657 
761.882320 91.876760 
763.811136 91.963393 
765.739952 92.022656 
767.668768 92.059352 
769.597584 92.082714 
771.526400 92.103941 
773.455216 92.131633 
775.384032 92.172849 
777.312848 92.229793 
779.241664 92.298395 
781.170480 92.375415 
783.099296 92.456112 
785.028112 92.535442 
786.956928 92.611322 
788.885744 92.681218 
790.814560 92.740150 
792.743376 92.781538 
794.672192 92.803011 
796.601008 92.803018 
798.529824 92.780810 
800.458640 92.740049 
802.387456 92.686492 
804.316272 92.627239 
806.245088 92.567700 
808.173904 92.510049 
810.102720 92.454907 
812.031536 92.405165 
813.960352 92.362515 
815.889168 92.330496 
817.817984 92.310551 
819.746800 92.303755 
821.675616 92.309801 
823.604432 92.324508 
825.533248 92.344088 
827.462064 92.364425 
829.390880 92.382308 
831.319696 92.396501 
833.248512 92.406404 
835.177328 92.413614 
837.106144 92.417909 
839.034960 92.419112 
840.963776 92.416707 
842.892592 92.411603 
844.821408 92.405330 
846.750224 92.401370 
848.679040 92.400482 
850.607856 92.406209 
852.536672 92.418477 
854.465488 92.434445 
856.394304 92.451730 
858.323120 92.468679 
860.251936 92.483513 
862.180752 92.496168 
864.109568 92.506409 
866.038384 92.513895 
867.967200 92.517581 
869.896016 92.519635 
871.824832 92.521165 
873.753648 92.523073 
875.682464 92.529516 
877.611280 92.545097 
879.540096 92.572270 
881.468912 92.612908 
883.397728 92.666523 
885.326544 92.731810 
887.255360 92.806044 
889.184176 92.885883 
891.112992 92.967541 
893.041808 93.047143 
894.970624 93.118549 
896.899440 93.176419 
898.828256 93.215262 
900.757072 93.233504 
902.685888 93.231279 
904.614704 93.209813 
906.543520 93.171468 
908.472336 93.119119 
910.401152 93.056727 
912.329968 92.987324 
914.258784 92.913626 
916.187600 92.839314 
918.116416 92.766087 
920.045232 92.695362 
921.974048 92.630577 
923.902864 92.572493 
925.831680 92.520009 
927.760496 92.472120 
929.689312 92.426192 
931.618128 92.383472 
933.546944 92.347131 
935.475760 92.318299 
937.404576 92.297025 
939.333392 92.284263 
941.262208 92.280258 
943.191024 92.282921 
945.119840 92.289344 
947.048656 92.297284 
948.977472 92.302660 
950.906288 92.302922 
952.835104 92.296164 
954.763920 92.279072 
956.692736 92.249490 
958.621552 92.206675 
960.550368 92.150719 
962.479184 92.083682 
964.408000 92.008113 
966.336816 91.929276 
968.265632 91.854448 
970.194448 91.788968 
972.123264 91.738540 
974.052080 91.706650 
975.980896 91.693404 
977.909712 91.697883 
979.838528 91.718223 
981.767344 91.752858 
983.696160 91.798997 
985.624976 91.853545 
987.553792 91.912766 
989.482608 91.972204 
991.411424 92.028198 
993.340240 92.077290 
995.269056 92.115272 
997.197872 92.141183 
999.126688 92.154609 
1001.055504 92.155717 
1002.984320 92.145358 
1004.913136 92.122394 
1006.841952 92.085120 
1008.770768 92.033299 
1010.699584 91.968218 
1012.628400 91.890012 
1014.557216 91.797712 
1016.486032 91.693157 
1018.414848 91.578928 
1020.343664 91.458569 
1022.272480 91.336445 
1024.201296 91.215594 
1026.130112 91.099560 
1028.058928 90.993859 
1029.987744 90.902453 
1031.916560 90.830326 
1033.845376 90.782375 
1035.774192 90.762639 
1037.703008 90.773287 
1039.631824 90.813986 
1041.560640 90.881399 
1043.489456 90.968639 
1045.418272 91.068279 
1047.347088 91.171585 
1049.275904 91.269523 
1051.204720 91.354505 
1053.133536 91.418715 
1055.062352 91.456354 
1056.991168 91.464237 
1058.919984 91.443302 
1060.848800 91.397962 
1062.777616 91.336323 
1064.706432 91.267802 
1066.635248 91.205123 
1068.564064 91.161555 
1070.492880 91.146721 
1072.421696 91.166213 
1074.350512 91.221790 
1076.279328 91.311259 
1078.208144 91.428260 
1080.136960 91.566517 
1082.065776 91.717814 
1083.994592 91.870125 
1085.923408 92.009769 
1087.852224 92.124253 
1089.781040 92.204513 
1091.709856 92.243069 
1093.638672 92.235123 
1095.567488 92.178042 
1097.496304 92.077219 
1099.425120 91.940513 
1101.353936 91.774497 
1103.282752 91.587622 
1105.211568 91.389760 
1107.140384 91.190671 
1109.069200 90.999778 
1110.998016 90.825474 
1112.926832 90.674212 
1114.855648 90.549705 
1116.784464 90.454176 
1118.713280 90.387185 
1120.642096 90.344877 
1122.570912 90.323148 
1124.499728 90.318703 
1126.428544 90.327267 
1128.357360 90.345812 
1130.286176 90.371776 
1132.214992 90.403604 
1134.143808 90.439189 
1136.072624 90.476118 
1138.001440 90.513686 
1139.930256 90.551347 
1141.859072 90.589315 
1143.787888 90.628348 
1145.716704 90.669232 
1147.645520 90.713839 
1149.574336 90.761253 
1151.503152 90.811663 
1153.431968 90.866358 
1155.360784 90.926432 
1157.289600 90.993237 
1159.218416 91.067707 
1161.147232 91.150264 
1163.076048 91.240316 
1165.004864 91.335245 
1166.933680 91.432825 
1168.862496 91.531782 
1170.791312 91.629262 
1172.720128 91.722393 
1174.648944 91.809098 
1176.577760 91.887139 
1178.506576 91.955555 
1180.435392 92.013029 
1182.364208 92.059774 
1184.293024 92.096263 
1186.221840 92.124479 
1188.150656 92.145761 
1190.079472 92.160466 
1192.008288 92.167680 
1193.937104 92.166587 
1195.865920 92.157039 
1197.794736 92.139143 
1199.723552 92.113019 
1201.652368 92.079537 
1203.581184 92.039323 
1205.510000 91.992809 
1207.438816 91.940770 
1209.367632 91.885619 
1211.296448 91.828589 
1213.225264 91.771319 
1215.154080 91.715889 
1217.082896 91.664940 
1219.011712 91.619315 
1220.940528 91.577804 
1222.869344 91.537720 
1224.798160 91.496602 
1226.726976 91.451621 
1228.655792 91.399193 
1230.584608 91.335000 
1232.513424 91.254779 
1234.442240 91.153954 
1236.371056 91.030026 
1238.299872 90.883727 
1240.228688 90.716713 
1242.157504 90.531323 
1244.086320 90.332865 
1246.015136 90.127204 
1247.943952 89.921288 
1249.872768 89.722404 
1251.801584 89.535926 
1253.730400 89.366319 
1255.659216 89.217919 
1257.588032 89.092822 
1259.516848 88.991430 
1261.445664 88.912491 
1263.374480 88.852599 
1265.303296 88.807024 
1267.232112 88.772290 
1269.160928 88.746030 
1271.089744 88.726427 
1273.018560 88.712851 
1274.947376 88.705028 
1276.876192 88.702837 
1278.805008 88.709174 
1280.733824 88.727920 
1282.662640 88.762637 
1284.591456 88.817138 
1286.520272 88.895752 
1288.449088 89.002330 
1290.377904 89.140525 
1292.306720 89.309981 
1294.235536 89.509694 
1296.164352 89.737297 
1298.093168 89.990677 
1300.021984 90.267846 
1301.950800 90.566554 
1303.879616 90.884005 
1305.808432 91.215464 
1307.737248 91.555977 
1309.666064 91.900798 
1311.594880 92.243922 
1313.523696 92.578528 
1315.452512 92.898538 
1317.381328 93.198948 
1319.310144 93.475568 
1321.238960 93.723522 
1323.167776 93.937323 
1325.096592 94.114265 
1327.025408 94.252672 
1328.954224 94.353150 
1330.883040 94.417890 
1332.811856 94.450728 
1334.740672 94.456391 
1336.669488 94.438830 
1338.598304 94.403904 
1340.527120 94.353984 
1342.455936 94.290337 
1344.384752 94.213535 
1346.313568 94.125384 
1348.242384 94.026972 
1350.171200 93.920399 
1352.100016 93.807924 
1354.028832 93.691601 
1355.957648 93.573521 
1357.886464 93.457791 
1359.815280 93.349494 
1361.744096 93.255150 
1363.672912 93.180083 
1365.601728 93.130275 
1367.530544 93.110701 
1369.459360 93.125793 
1371.388176 93.175093 
1373.316992 93.257891 
1375.245808 93.369947 
1377.174624 93.506722 
1379.103440 93.662986 
1381.032256 93.833963 
1382.961072 94.013089 
1384.889888 94.192215 
1386.818704 94.364472 
1388.747520 94.523442 
1390.676336 94.663739 
1392.605152 94.781444 
1394.533968 94.872745 
1396.462784 94.937138 
1398.391600 94.974991 
1400.320416 94.988176 
1402.249232 94.978922 
1404.178048 94.949799 
1406.106864 94.903007 
1408.035680 94.843640 
1409.964496 94.775376 
1411.893312 94.702255 
1413.822128 94.627896 
1415.750944 94.553993 
1417.679760 94.481345 
1419.608576 94.409844 
1421.537392 94.339917 
1423.466208 94.271279 
1425.395024 94.203417 
1427.323840 94.135882 
1429.252656 94.068270 
1431.181472 94.000981 
1433.110288 93.935156 
1435.039104 93.872465 
1436.967920 93.815124 
1438.896736 93.765698 
1440.825552 93.726394 
1442.754368 93.700827 
1444.683184 93.691051 
1446.612000 93.698633 
1448.540816 93.724081 
1450.469632 93.767192 
1452.398448 93.824833 
1454.327264 93.895181 
1456.256080 93.975201 
1458.184896 94.061102 
1460.113712 94.149163 
1462.042528 94.235629 
1463.971344 94.317649 
1465.900160 94.392466 
1467.828976 94.457379 
1469.757792 94.509995 
1471.686608 94.550636 
1473.615424 94.578728 
1475.544240 94.594362 
1477.473056 94.599015 
1479.401872 94.593075 
1481.330688 94.576591 
1483.259504 94.549936 
1485.188320 94.515921 
1487.117136 94.474386 
1489.045952 94.428077 
1490.974768 94.378947 
1492.903584 94.329427 
1494.832400 94.282928 
1496.761216 94.241903 
1498.690032 94.209228 
1500.618848 94.186776 
1502.547664 94.177018 
1504.476480 94.180637 
1506.405296 94.199918 
1508.334112 94.234430 
1510.262928 94.284185 
1512.191744 94.348416 
1514.120560 94.427104 
1516.049376 94.517029 
1517.978192 94.616559 
1519.907008 94.725142 
1521.835824 94.839579 
1523.764640 94.958266 
1525.693456 95.080157 
1527.622272 95.204003 
1529.551088 95.328969 
1531.479904 95.453299 
1533.408720 95.573128 
1535.337536 95.687428 
1537.266352 95.795465 
1539.195168 95.894431 
1541.123984 95.984891 
1543.052800 96.065762 
1544.981616 96.136086 
1546.910432 96.192879 
1548.839248 96.237452 
1550.768064 96.268584 
1552.696880 96.286939 
1554.625696 96.291862 
1556.554512 96.282136 
1558.483328 96.258150 
1560.412144 96.221089 
1562.340960 96.171813 
1564.269776 96.109602 
1566.198592 96.037636 
1568.127408 95.959870 
1570.056224 95.880701 
1571.985040 95.803481 
1573.913856 95.730531 
1575.842672 95.664880 
1577.771488 95.608450 
1579.700304 95.564373 
1581.629120 95.535660 
1583.557936 95.526328 
1585.486752 95.536490 
1587.415568 95.566761 
1589.344384 95.616150 
1591.273200 95.686002 
1593.202016 95.778470 
1595.130832 95.894954 
1597.059648 96.037975 
1598.988464 96.206167 
1600.917280 96.400873 
1602.846096 96.621643 
1604.774912 96.864596 
1606.703728 97.126163 
1608.632544 97.401596 
1610.561360 97.683800 
1612.490176 97.969053 
1614.418992 98.251525 
1616.347808 98.524515 
1618.276624 98.779777 
1620.205440 99.009475 
1622.134256 99.210764 
1624.063072 99.379830 
1625.991888 99.515975 
1627.920704 99.616508 
1629.849520 99.679383 
1631.778336 99.708418 
1633.707152 99.703162 
1635.635968 99.665897 
1637.564784 99.600577 
1639.493600 99.509829 
1641.422416 99.395032 
1643.351232 99.260235 
1645.280048 99.106827 
1647.208864 98.938529 
1649.137680 98.755701 
1651.066496 98.559560 
1652.995312 98.350937 
1654.924128 98.130694 
1656.852944 97.901316 
1658.781760 97.661676 
1660.710576 97.412458 
1662.639392 97.153652 
1664.568208 96.887082 
1666.497024 96.617298 
1668.425840 96.345063 
1670.354656 96.072369 
1672.283472 95.801113 
1674.212288 95.532243 
1676.141104 95.265628 
1678.069920 95.001096 
1679.998736 94.739692 
1681.927552 94.479403 
1683.856368 94.217104 
1685.785184 93.948803 
1687.714000 93.669867 
1689.642816 93.376740 
1691.571632 93.067358 
1693.500448 92.739282 
1695.429264 92.393583 
1697.358080 92.028090 
1699.286896 91.642879 
1701.215712 91.240924 
1703.144528 90.827161 
1705.073344 90.408471 
1707.002160 89.992968 
1708.930976 89.590420 
1710.859792 89.213335 
1712.788608 88.870357 
1714.717424 88.572822 
1716.646240 88.327002 
1718.575056 88.139911 
1720.503872 88.018489 
1722.432688 87.967757 
1724.361504 87.986966 
1726.290320 88.076922 
1728.219136 88.230704 
1730.147952 88.441935 
1732.076768 88.699867 
1734.005584 88.995349 
1735.934400 89.319037 
1737.863216 89.660939 
1739.792032 90.011512 
1741.720848 90.362082 
1743.649664 90.705268 
1745.578480 91.034495 
1747.507296 91.341198 
1749.436112 91.622135 
1751.364928 91.875393 
1753.293744 92.099563 
1755.222560 92.295088 
1757.151376 92.464068 
1759.080192 92.605474 
1761.009008 92.723347 
1762.937824 92.818190 
1764.866640 92.894428 
1766.795456 92.955360 
1768.724272 93.004225 
1770.653088 93.043814 
1772.581904 93.076288 
1774.510720 93.103440 
1776.439536 93.126762 
1778.368352 93.147620 
1780.297168 93.167004 
1782.225984 93.185667 
1784.154800 93.203054 
1786.083616 93.219752 
1788.012432 93.235023 
1789.941248 93.250131 
1791.870064 93.266900 
1793.798880 93.283999 
1795.727696 93.301159 
1797.656512 93.318149 
1799.585328 93.334677 
1801.514144 93.350214 
1803.442960 93.364181 
1805.371776 93.375970 
1807.300592 93.385168 
1809.229408 93.391603 
1811.158224 93.395228 
1813.087040 93.396344 
1815.015856 93.394846 
1816.944672 93.391648 
1818.873488 93.387243 
1820.802304 93.382866 
1822.731120 93.378345 
1824.659936 93.374403 
1826.588752 93.371426 
1828.517568 93.369782 
1830.446384 93.369772 
1832.375200 93.371526 
1834.304016 93.374891 
1836.232832 93.379612 
1838.161648 93.385305 
1840.090464 93.391679 
1842.019280 93.398624 
1843.948096 93.405928 
1845.876912 93.413407 
1847.805728 93.420841 
1849.734544 93.427924 
1851.663360 93.434973 
1853.592176 93.441685 
1855.520992 93.447777 
1857.449808 93.453101 
1859.378624 93.457487 
1861.307440 93.460772 
1863.236256 93.462913 
1865.165072 93.463812 
1867.093888 93.463397 
1869.022704 93.461142 
1870.951520 93.457243 
1872.880336 93.451978 
1874.809152 93.445622 
1876.737968 93.438673 
1878.666784 93.431437 
1880.595600 93.424356 
1882.524416 93.417835 
1884.453232 93.412247 
1886.382048 93.407838 
1888.310864 93.404784 
1890.239680 93.403005 
1892.168496 93.402410 
1894.097312 93.402967 
1896.026128 93.404553 
1897.954944 93.406481 
1899.883760 93.408294 
1901.812576 93.410028 
1903.741392 93.411227 
1905.670208 93.412118 
1907.599024 93.412625 
1909.527840 93.412704 
1911.456656 93.412506 
1913.385472 93.412096 
1915.314288 93.411643 
1917.243104 93.411223 
1919.171920 93.410821 
1921.100736 93.410455 
1923.029552 93.410132 
1924.958368 93.409757 
1926.887184 93.409557 
1928.816000 93.409262 
1930.744816 93.409027 
1932.673632 93.408531 
1934.602448 93.408114 
1936.531264 93.408189 
1938.460080 93.408610 
1940.388896 93.409721 
1942.317712 93.411306 
1944.246528 93.413649 
1946.175344 93.416978 
1948.104160 93.420971 
1950.032976 93.425513 
1951.961792 93.430532 
1953.890608 93.436070 
1955.819424 93.442171 
1957.748240 93.449035 
1959.677056 93.456381 
1961.605872 93.464222 
1963.534688 93.472237 
1965.463504 93.480525 
1967.392320 93.488687 
1969.321136 93.496448 
1971.249952 93.503788 
1973.178768 93.510094 
1975.107584 93.515560 
1977.036400 93.519638 
1978.965216 93.522419 
1980.894032 93.524043 
1982.822848 93.524543 
1984.751664 93.524424 
1986.680480 93.524238 
1988.609296 93.524596 
1990.538112 93.525951 
1992.466928 93.528762 
1994.395744 93.533093 
1996.324560 93.539429 
1998.253376 93.547766 
2000.182192 93.557585 
2002.111008 93.568632 
2004.039824 93.580521 
2005.968640 93.592867 
2007.897456 93.604812 
2009.826272 93.616195 
2011.755088 93.626293 
2013.683904 93.634925 
2015.612720 93.642057 
2017.541536 93.647698 
2019.470352 93.651884 
2021.399168 93.654749 
2023.327984 93.656912 
2025.256800 93.658801 
2027.185616 93.660345 
2029.114432 93.661744 
2031.043248 93.663547 
2032.972064 93.665794 
2034.900880 93.668260 
2036.829696 93.670671 
2038.758512 93.672861 
2040.687328 93.674616 
2042.616144 93.675724 
2044.544960 93.675423 
2046.473776 93.672997 
2048.402592 93.668727 
2050.331408 93.662770 
2052.260224 93.655399 
2054.189040 93.647259 
2056.117856 93.638913 
2058.046672 93.630965 
2059.975488 93.624311 
2061.904304 93.619048 
2063.833120 93.615515 
2065.761936 93.614752 
2067.690752 93.617363 
2069.619568 93.622846 
2071.548384 93.630251 
2073.477200 93.639173 
2075.406016 93.648369 
2077.334832 93.657008 
2079.263648 93.664858 
2081.192464 93.671519 
2083.121280 93.677384 
2085.050096 93.682354 
2086.978912 93.686283 
2088.907728 93.689465 
2090.836544 93.691542 
2092.765360 93.692173 
2094.694176 93.692321 
2096.622992 93.692720 
2098.551808 93.693401 
2100.480624 93.693856 
2102.409440 93.693714 
2104.338256 93.692717 
2106.267072 93.690626 
2108.195888 93.688012 
2110.124704 93.685293 
2112.053520 93.683340 
2113.982336 93.683138 
2115.911152 93.683678 
2117.839968 93.685077 
2119.768784 93.687895 
2121.697600 93.691742 
2123.626416 93.695965 
2125.555232 93.700294 
2127.484048 93.704929 
2129.412864 93.709628 
2131.341680 93.713662 
2133.270496 93.716082 
2135.199312 93.716706 
2137.128128 93.716690 
2139.056944 93.716665 
2140.985760 93.716743 
2142.914576 93.718023 
2144.843392 93.720968 
2146.772208 93.724966 
2148.701024 93.730440 
2150.629840 93.737382 
2152.558656 93.745537 
2154.487472 93.754239 
2156.416288 93.762761 
2158.345104 93.770973 
2160.273920 93.778607 
2162.202736 93.784688 
2164.131552 93.788407 
2166.060368 93.789994 
2167.989184 93.790250 
2169.918000 93.789480 
2171.846816 93.788087 
2173.775632 93.786871 
2175.704448 93.786077 
2177.633264 93.785907 
2179.562080 93.786561 
2181.490896 93.787962 
2183.419712 93.790458 
2185.348528 93.793871 
2187.277344 93.797791 
2189.206160 93.802478 
2191.134976 93.808264 
2193.063792 93.814490 
2194.992608 93.820495 
2196.921424 93.826059 
2198.850240 93.831101 
2200.779056 93.835078 
2202.707872 93.837884 
2204.636688 93.840182 
2206.565504 93.842067 
2208.494320 93.843234 
2210.423136 93.842641 
2212.351952 93.839961 
2214.280768 93.835653 
2216.209584 93.830086 
2218.138400 93.824165 
2220.067216 93.818911 
2221.996032 93.815206 
2223.924848 93.813063 
2225.853664 93.812205 
2227.782480 93.812632 
2229.711296 93.814439 
2231.640112 93.817546 
2233.568928 93.821978 
2235.497744 93.827778 
2237.426560 93.834495 
2239.355376 93.841196 
2241.284192 93.846445 
2243.213008 93.849719 
2245.141824 93.850986 
2247.070640 93.850440 
2248.999456 93.848552 
2250.928272 93.845575 
2252.857088 93.841971 
2254.785904 93.837593 
2256.714720 93.832560 
2258.643536 93.827024 
2260.572352 93.821288 
2262.501168 93.815640 
2264.429984 93.810183 
2266.358800 93.805342 
2268.287616 93.801324 
2270.216432 93.797729 
2272.145248 93.793833 
2274.074064 93.789372 
2276.002880 93.784475 
2277.931696 93.779107 
2279.860512 93.773060 
2281.789328 93.765903 
2283.718144 93.757131 
2285.646960 93.746193 
2287.575776 93.733045 
2289.504592 93.717607 
2291.433408 93.699964 
2293.362224 93.680335 
2295.291040 93.658998 
2297.219856 93.636353 
2299.148672 93.612907 
2301.077488 93.589145 
2303.006304 93.565667 
2304.935120 93.543435 
2306.863936 93.523552 
2308.792752 93.507039 
2310.721568 93.494709 
2312.650384 93.486970 
2314.579200 93.483994 
2316.508016 93.485597 
2318.436832 93.491397 
2320.365648 93.500921 
2322.294464 93.513504 
2324.223280 93.528204 
2326.152096 93.544085 
2328.080912 93.560115 
2330.009728 93.575067 
2331.938544 93.587817 
2333.867360 93.597593 
2335.796176 93.604093 
2337.724992 93.607641 
2339.653808 93.609028 
2341.582624 93.609207 
2343.511440 93.609034 
2345.440256 93.609249 
2347.369072 93.610487 
2349.297888 93.613441 
2351.226704 93.618589 
2353.155520 93.626240 
2355.084336 93.636564 
2357.013152 93.649364 
2358.941968 93.663848 
2360.870784 93.679415 
2362.799600 93.694943 
2364.728416 93.709289 
2366.657232 93.721655 
2368.586048 93.731835 
2370.514864 93.739732 
2372.443680 93.745349 
2374.372496 93.748881 
2376.301312 93.750933 
2378.230128 93.752443 
2380.158944 93.754159 
2382.087760 93.756595 
2384.016576 93.760176 
2385.945392 93.765364 
2387.874208 93.772664 
2389.803024 93.782266 
2391.731840 93.793407 
2393.660656 93.804658 
2395.589472 93.815723 
2397.518288 93.825931 
2399.447104 93.834569 
2401.375920 93.840942 
2403.304736 93.844806 
2405.233552 93.846186 
2407.162368 93.845852 
2409.091184 93.844930 
2411.020000 93.844368 
2412.948816 93.844751 
2414.877632 93.846130 
2416.806448 93.848786 
2418.735264 93.853334 
2420.664080 93.859349 
2422.592896 93.865284 
2424.521712 93.869871 
2426.450528 93.872139 
2428.379344 93.871858 
2430.308160 93.869565 
2432.236976 93.865221 
2434.165792 93.859136 
2436.094608 93.851520 
2438.023424 93.842943 
2439.952240 93.834301 
2441.881056 93.827211 
2443.809872 93.822804 
2445.738688 93.820939 
2447.667504 93.821805 
2449.596320 93.825730 
2451.525136 93.831795 
2453.453952 93.838496 
2455.382768 93.843586 
2457.311584 93.845800 
2459.240400 93.846266 
2461.169216 93.845679 
2463.098032 93.843958 
2465.026848 93.841321 
2466.955664 93.837819 
2468.884480 93.834056 
2470.813296 93.830406 
2472.742112 93.827966 
2474.670928 93.827694 
2476.599744 93.829916 
2478.528560 93.834614 
2480.457376 93.841227 
2482.386192 93.848959 
2484.315008 93.856560 
2486.243824 93.862492 
2488.172640 93.866455 
2490.101456 93.868979 
2492.030272 93.870405 
2493.959088 93.870956 
2495.887904 93.870454 
2497.816720 93.868646 
2499.745536 93.865962 
2501.674352 93.862322 
2503.603168 93.858258 
2505.531984 93.854929 
2507.460800 93.853095 
2509.389616 93.852696 
2511.318432 93.853613 
2513.247248 93.855843 
2515.176064 93.858773 
2517.104880 93.862454 
2519.033696 93.867468 
2520.962512 93.873944 
2522.891328 93.881636 
2524.820144 93.890495 
2526.748960 93.899403 
2528.677776 93.906767 
2530.606592 93.912286 
2532.535408 93.915709 
2534.464224 93.916917 
2536.393040 93.915638 
2538.321856 93.912173 
2540.250672 93.907225 
2542.179488 93.901058 
2544.108304 93.894431 
2546.037120 93.887888 
2547.965936 93.882730 
2549.894752 93.880186 
2551.823568 93.881049 
2553.752384 93.885786 
2555.681200 93.893864 
2557.610016 93.903919 
2559.538832 93.914890 
2561.467648 93.925986 
2563.396464 93.936422 
2565.325280 93.945533 
2567.254096 93.952750 
2569.182912 93.958371 
2571.111728 93.962325 
2573.040544 93.964629 
2574.969360 93.966128 
2576.898176 93.966916 
2578.826992 93.967799 
2580.755808 93.969559 
2582.684624 93.972934 
2584.613440 93.977731 
2586.542256 93.982790 
2588.471072 93.988133 
2590.399888 93.993288 
2592.328704 93.997320 
2594.257520 93.999951 
2596.186336 94.001804 
2598.115152 94.003069 
2600.043968 94.002807 
2601.972784 94.001025 
2603.901600 93.999172 
2605.830416 93.997776 
2607.759232 93.997115 
2609.688048 93.998185 
2611.616864 94.000481 
2613.545680 94.003641 
2615.474496 94.007014 
2617.403312 94.009721 
2619.332128 94.012286 
2621.260944 94.014746 
2623.189760 94.017518 
2625.118576 94.021358 
2627.047392 94.026261 
2628.976208 94.031793 
2630.905024 94.038365 
2632.833840 94.046084 
2634.762656 94.054870 
2636.691472 94.064486 
2638.620288 94.075801 
2640.549104 94.088618 
2642.477920 94.101501 
2644.406736 94.113906 
2646.335552 94.124881 
2648.264368 94.134179 
2650.193184 94.142080 
2652.122000 94.148306 
2654.050816 94.154153 
2655.979632 94.160617 
2657.908448 94.167402 
2659.837264 94.174691 
2661.766080 94.181959 
2663.694896 94.188138 
2665.623712 94.193730 
2667.552528 94.199142 
2669.481344 94.204725 
2671.410160 94.210106 
2673.338976 94.214892 
2675.267792 94.218971 
2677.196608 94.222319 
2679.125424 94.225439 
2681.054240 94.228508 
2682.983056 94.231077 
2684.911872 94.233497 
2686.840688 94.235827 
2688.769504 94.238151 
2690.698320 94.239771 
2692.627136 94.240081 
2694.555952 94.239485 
2696.484768 94.238069 
2698.413584 94.236255 
2700.342400 94.234934 
2702.271216 94.234276 
2704.200032 94.234604 
2706.128848 94.237111 
2708.057664 94.242320 
2709.986480 94.250531 
2711.915296 94.261603 
2713.844112 94.274264 
2715.772928 94.288169 
2717.701744 94.302764 
2719.630560 94.317398 
2721.559376 94.330540 
2723.488192 94.341164 
2725.417008 94.349207 
2727.345824 94.355555 
2729.274640 94.360637 
2731.203456 94.364201 
2733.132272 94.366181 
2735.061088 94.366808 
2736.989904 94.366452 
2738.918720 94.365386 
2740.847536 94.363734 
2742.776352 94.361885 
2744.705168 94.360455 
2746.633984 94.359830 
2748.562800 94.359476 
2750.491616 94.359557 
2752.420432 94.359864 
2754.349248 94.359749 
2756.278064 94.360286 
2758.206880 94.362897 
2760.135696 94.367397 
2762.064512 94.373885 
2763.993328 94.382452 
2765.922144 94.392333 
2767.850960 94.402805 
2769.779776 94.413489 
2771.708592 94.424058 
2773.637408 94.434698 
2775.566224 94.446014 
2777.495040 94.458707 
2779.423856 94.472533 
2781.352672 94.486708 
2783.281488 94.500487 
2785.210304 94.513872 
2787.139120 94.527948 
2789.067936 94.542439 
2790.996752 94.557392 
2792.925568 94.573077 
2794.854384 94.588841 
2796.783200 94.603951 
2798.712016 94.617729 
2800.640832 94.629687 
2802.569648 94.640310 
2804.498464 94.650272 
2806.427280 94.660274 
2808.356096 94.670170 
2810.284912 94.679426 
2812.213728 94.687914 
2814.142544 94.695575 
2816.071360 94.702271 
2818.000176 94.706897 
2819.928992 94.709598 
2821.857808 94.712528 
2823.786624 94.718373 
2825.715440 94.733056 
2827.644256 94.764077 
2829.573072 94.818913 
2831.501888 94.905500 
2833.430704 95.029471 
2835.359520 95.192632 
2837.288336 95.392868 
2839.217152 95.623189 
2841.145968 95.873249 
2843.074784 96.129912 
2845.003600 96.378242 
2846.932416 96.601630 
2848.861232 96.782694 
2850.790048 96.907877 
2852.718864 96.967931 
2854.647680 96.960855 
2856.576496 96.892049 
2858.505312 96.769807 
2860.434128 96.607722 
2862.362944 96.422784 
2864.291760 96.231021 
2866.220576 96.046940 
2868.149392 95.881168 
2870.078208 95.740391 
2872.007024 95.628917 
2873.935840 95.549011 
2875.864656 95.500715 
2877.793472 95.480434 
2879.722288 95.482882 
2881.651104 95.503342 
2883.579920 95.537635 
2885.508736 95.582246 
2887.437552 95.634215 
2889.366368 95.692463 
2891.295184 95.758434 
2893.224000 95.834207 
2895.152816 95.923985 
2897.081632 96.032666 
2899.010448 96.163075 
2900.939264 96.318303 
2902.868080 96.501440 
2904.796896 96.713695 
2906.725712 96.953516 
2908.654528 97.217024 
2910.583344 97.496530 
2912.512160 97.780720 
2914.440976 98.056171 
2916.369792 98.308046 
2918.298608 98.520552 
2920.227424 98.677682 
2922.156240 98.767344 
2924.085056 98.783205 
2926.013872 98.725683 
2927.942688 98.600860 
2929.871504 98.418531 
2931.800320 98.193050 
2933.729136 97.940794 
2935.657952 97.678074 
2937.586768 97.421641 
2939.515584 97.186413 
2941.444400 96.981483 
2943.373216 96.812863 
2945.302032 96.682772 
2947.230848 96.589346 
2949.159664 96.526233 
2951.088480 96.484681 
2953.017296 96.456168 
2954.946112 96.431961 
2956.874928 96.406094 
2958.803744 96.373864 
2960.732560 96.332362 
2962.661376 96.280807 
2964.590192 96.219352 
2966.519008 96.150820 
2968.447824 96.079736 
2970.376640 96.008845 
2972.305456 95.941640 
2974.234272 95.882128 
2976.163088 95.830959 
2978.091904 95.789300 
2980.020720 95.757165 
2981.949536 95.732828 
2983.878352 95.714139 
2985.807168 95.700076 
2987.735984 95.689834 
2989.664800 95.681569 
2991.593616 95.674742 
2993.522432 95.667988 
2995.451248 95.661217 
2997.380064 95.654980 
2999.308880 95.650269 
3001.237696 95.648520 
3003.166512 95.652383 
3005.095328 95.662175 
3007.024144 95.677109 
3008.952960 95.697431 
3010.881776 95.720890 
3012.810592 95.745624 
3014.739408 95.770859 
3016.668224 95.796359 
3018.597040 95.821658 
3020.525856 95.845571 
3022.454672 95.865993 
3024.383488 95.881063 
3026.312304 95.891604 
3028.241120 95.898505 
3030.169936 95.902966 
3032.098752 95.906535 
3034.027568 95.910943 
3035.956384 95.917720 
3037.885200 95.929698 
3039.814016 95.945961 
3041.742832 95.964392 
3043.671648 95.986027 
3045.600464 96.011012 
3047.529280 96.038689 
3049.458096 96.069072 
3051.386912 96.100430 
3053.315728 96.130557 
3055.244544 96.158837 
3057.173360 96.186321 
3059.102176 96.213521 
3061.030992 96.239734 
3062.959808 96.264950 
3064.888624 96.288716 
3066.817440 96.311187 
3068.746256 96.332653 
3070.675072 96.351280 
3072.603888 96.367071 
3074.532704 96.380074 
3076.461520 96.389900 
3078.390336 96.397177 
3080.319152 96.402845 
3082.247968 96.406949 
3084.176784 96.410738 
3086.105600 96.415945 
3088.034416 96.423568 
3089.963232 96.434207 
3091.892048 96.448041 
3093.820864 96.464673 
3095.749680 96.482702 
3097.678496 96.502249 
3099.607312 96.523902 
3101.536128 96.548130 
3103.464944 96.573750 
3105.393760 96.598123 
3107.322576 96.620350 
3109.251392 96.639613 
3111.180208 96.655325 
3113.109024 96.669228 
3115.037840 96.682517 
3116.966656 96.694758 
3118.895472 96.705941 
3120.824288 96.716616 
3122.753104 96.726686 
3124.681920 96.736938 
3126.610736 96.749205 
3128.539552 96.764979 
3130.468368 96.784106 
3132.397184 96.805660 
3134.326000 96.827929 
3136.254816 96.850650 
3138.183632 96.872823 
3140.112448 96.893191 
3142.041264 96.911307 
3143.970080 96.927461 
3145.898896 96.942302 
3147.827712 96.957009 
3149.756528 96.972526 
3151.685344 96.989311 
3153.614160 97.008804 
3155.542976 97.033388 
3157.471792 97.064220 
3159.400608 97.101032 
3161.329424 97.142250 
3163.258240 97.185622 
3165.187056 97.230147 
3167.115872 97.275686 
3169.044688 97.320465 
3170.973504 97.364765 
3172.902320 97.407693 
3174.831136 97.447720 
3176.759952 97.484536 
3178.688768 97.518752 
3180.617584 97.551346 
3182.546400 97.583219 
3184.475216 97.615880 
3186.404032 97.649284 
3188.332848 97.683069 
3190.261664 97.717722 
3192.190480 97.752684 
3194.119296 97.786721 
3196.048112 97.820140 
3197.976928 97.854499 
3199.905744 97.891297 
3201.834560 97.930092 
3203.763376 97.967600 
3205.692192 98.002674 
3207.621008 98.035615 
3209.549824 98.067381 
3211.478640 98.097970 
3213.407456 98.126972 
3215.336272 98.153573 
3217.265088 98.177039 
3219.193904 98.198840 
3221.122720 98.221239 
3223.051536 98.244269 
3224.980352 98.267853 
3226.909168 98.292921 
3228.837984 98.320829 
3230.766800 98.351531 
3232.695616 98.384297 
3234.624432 98.418974 
3236.553248 98.455746 
3238.482064 98.494429 
3240.410880 98.534939 
3242.339696 98.576368 
3244.268512 98.617177 
3246.197328 98.655874 
3248.126144 98.693100 
3250.054960 98.728666 
3251.983776 98.760467 
3253.912592 98.788061 
3255.841408 98.813109 
3257.770224 98.835133 
3259.699040 98.854689 
3261.627856 98.873307 
3263.556672 98.891877 
3265.485488 98.911014 
3267.414304 98.932528 
3269.343120 98.957583 
3271.271936 98.987173 
3273.200752 99.020689 
3275.129568 99.056086 
3277.058384 99.091669 
3278.987200 99.126519 
3280.916016 99.159229 
3282.844832 99.187157 
3284.773648 99.207221 
3286.702464 99.218020 
3288.631280 99.220651 
3290.560096 99.217528 
3292.488912 99.209895 
3294.417728 99.198951 
3296.346544 99.186520 
3298.275360 99.175349 
3300.204176 99.167194 
3302.132992 99.163346 
3304.061808 99.163619 
3305.990624 99.168106 
3307.919440 99.175992 
3309.848256 99.187061 
3311.777072 99.201280 
3313.705888 99.217614 
3315.634704 99.233032 
3317.563520 99.246697 
3319.492336 99.260092 
3321.421152 99.274319 
3323.349968 99.288910 
3325.278784 99.302708 
3327.207600 99.314722 
3329.136416 99.325911 
3331.065232 99.336768 
3332.994048 99.346402 
3334.922864 99.354067 
3336.851680 99.359139 
3338.780496 99.359651 
3340.709312 99.355598 
3342.638128 99.349081 
3344.566944 99.342355 
3346.495760 99.334779 
3348.424576 99.326648 
3350.353392 99.319581 
3352.282208 99.316068 
3354.211024 99.317973 
3356.139840 99.324904 
3358.068656 99.336736 
3359.997472 99.354514 
3361.926288 99.377335 
3363.855104 99.403961 
3365.783920 99.432392 
3367.712736 99.459374 
3369.641552 99.482201 
3371.570368 99.500002 
3373.499184 99.512947 
3375.428000 99.522130 
3377.356816 99.528560 
3379.285632 99.530945 
3381.214448 99.528904 
3383.143264 99.526445 
3385.072080 99.527233 
3387.000896 99.530900 
3388.929712 99.537735 
3390.858528 99.548096 
3392.787344 99.561977 
3394.716160 99.579196 
3396.644976 99.597059 
3398.573792 99.613527 
3400.502608 99.626615 
3402.431424 99.636122 
3404.360240 99.641638 
3406.289056 99.644862 
3408.217872 99.646556 
3410.146688 99.645282 
3412.075504 99.641585 
3414.004320 99.635919 
3415.933136 99.629724 
3417.861952 99.624110 
3419.790768 99.617503 
3421.719584 99.608064 
3423.648400 99.596645 
3425.577216 99.583681 
3427.506032 99.569545 
3429.434848 99.555502 
3431.363664 99.541634 
3433.292480 99.529803 
3435.221296 99.519907 
3437.150112 99.515369 
3439.078928 99.516211 
3441.007744 99.521255 
3442.936560 99.529372 
3444.865376 99.537793 
3446.794192 99.545985 
3448.723008 99.552429 
3450.651824 99.553474 
3452.580640 99.547451 
3454.509456 99.535162 
3456.438272 99.518131 
3458.367088 99.497911 
3460.295904 99.475114 
3462.224720 99.450369 
3464.153536 99.425384 
3466.082352 99.402289 
3468.011168 99.383661 
3469.939984 99.368142 
3471.868800 99.357576 
3473.797616 99.352864 
3475.726432 99.351500 
3477.655248 99.352712 
3479.584064 99.356087 
3481.512880 99.359643 
3483.441696 99.361131 
3485.370512 99.359613 
3487.299328 99.356394 
3489.228144 99.351850 
3491.156960 99.343346 
3493.085776 99.329605 
3495.014592 99.311526 
3496.943408 99.290957 
3498.872224 99.267883 
3500.801040 99.242378 
3502.729856 99.215295 
3504.658672 99.187061 
3506.587488 99.159172 
3508.516304 99.131544 
3510.445120 99.102474 
3512.373936 99.070685 
3514.302752 99.035445 
3516.231568 98.996273 
3518.160384 98.954098 
3520.089200 98.909615 
3522.018016 98.861992 
3523.946832 98.811545 
3525.875648 98.759481 
3527.804464 98.709742 
3529.733280 98.664927 
3531.662096 98.625589 
3533.590912 98.590681 
3535.519728 98.562038 
3537.448544 98.541251 
3539.377360 98.527491 
3541.306176 98.517893 
3543.234992 98.508695 
3545.163808 98.498797 
3547.092624 98.487448 
3549.021440 98.474794 
3550.950256 98.460538 
3552.879072 98.442492 
3554.807888 98.418747 
3556.736704 98.390094 
3558.665520 98.359739 
3560.594336 98.328872 
3562.523152 98.297535 
3564.451968 98.264608 
3566.380784 98.231090 
3568.309600 98.198640 
3570.238416 98.169357 
3572.167232 98.140069 
3574.096048 98.109552 
3576.024864 98.078252 
3577.953680 98.047405 
3579.882496 98.018950 
3581.811312 97.993101 
3583.740128 97.968674 
3585.668944 97.944101 
3587.597760 97.918970 
3589.526576 97.893558 
3591.455392 97.867857 
3593.384208 97.841085 
3595.313024 97.811314 
3597.241840 97.777816 
3599.170656 97.741307 
3601.099472 97.702395 
3603.028288 97.659972 
3604.957104 97.612660 
3606.885920 97.558637 
3608.814736 97.502967 
3610.743552 97.449175 
3612.672368 97.397890 
3614.601184 97.348881 
3616.530000 97.302002 
3618.458816 97.257970 
3620.387632 97.217649 
3622.316448 97.181103 
3624.245264 97.146979 
3626.174080 97.114299 
3628.102896 97.081593 
3630.031712 97.049146 
3631.960528 97.017280 
3633.889344 96.984913 
3635.818160 96.949364 
3637.746976 96.910904 
3639.675792 96.871642 
3641.604608 96.833470 
3643.533424 96.797914 
3645.462240 96.764761 
3647.391056 96.733412 
3649.319872 96.704234 
3651.248688 96.677886 
3653.177504 96.654260 
3655.106320 96.632581 
3657.035136 96.612132 
3658.963952 96.591656 
3660.892768 96.572257 
3662.821584 96.553971 
3664.750400 96.536788 
3666.679216 96.519801 
3668.608032 96.502082 
3670.536848 96.484536 
3672.465664 96.470352 
3674.394480 96.459899 
3676.323296 96.452306 
3678.252112 96.447095 
3680.180928 96.444131 
3682.109744 96.443311 
3684.038560 96.444486 
3685.967376 96.447171 
3687.896192 96.450102 
3689.825008 96.452359 
3691.753824 96.453562 
3693.682640 96.453118 
3695.611456 96.451346 
3697.540272 96.447155 
3699.469088 96.439564 
3701.397904 96.428958 
3703.326720 96.416065 
3705.255536 96.401450 
3707.184352 96.385030 
3709.113168 96.366448 
3711.041984 96.345859 
3712.970800 96.324089 
3714.899616 96.302196 
3716.828432 96.280971 
3718.757248 96.260722 
3720.686064 96.241926 
3722.614880 96.224905 
3724.543696 96.210352 
3726.472512 96.198814 
3728.401328 96.190329 
3730.330144 96.185220 
3732.258960 96.183054 
3734.187776 96.184287 
3736.116592 96.188699 
3738.045408 96.195596 
3739.974224 96.204033 
3741.903040 96.213152 
3743.831856 96.222934 
3745.760672 96.232906 
3747.689488 96.242510 
3749.618304 96.251048 
3751.547120 96.257834 
3753.475936 96.262244 
3755.404752 96.264391 
3757.333568 96.263498 
3759.262384 96.260418 
3761.191200 96.255705 
3763.120016 96.248840 
3765.048832 96.240913 
3766.977648 96.231951 
3768.906464 96.223068 
3770.835280 96.214593 
3772.764096 96.207161 
3774.692912 96.201562 
3776.621728 96.197663 
3778.550544 96.195866 
3780.479360 96.195919 
3782.408176 96.197842 
3784.336992 96.201168 
3786.265808 96.205488 
3788.194624 96.210135 
3790.123440 96.215600 
3792.052256 96.220701 
3793.981072 96.225756 
3795.909888 96.230310 
3797.838704 96.233457 
3799.767520 96.235610 
3801.696336 96.236859 
3803.625152 96.237851 
3805.553968 96.238991 
3807.482784 96.240460 
3809.411600 96.242252 
3811.340416 96.244255 
3813.269232 96.247159 
3815.198048 96.253856 
3817.126864 96.263890 
3819.055680 96.277081 
3820.984496 96.293075 
3822.913312 96.311733 
3824.842128 96.333284 
3826.770944 96.355682 
3828.699760 96.377626 
3830.628576 96.398103 
3832.557392 96.416431 
3834.486208 96.432157 
3836.415024 96.444508 
3838.343840 96.452529 
3840.272656 96.455526 
3842.201472 96.453719 
3844.130288 96.448575 
3846.059104 96.441378 
3847.987920 96.431519 
3849.916736 96.421666 
3851.845552 96.411297 
3853.774368 96.401997 
3855.703184 96.394272 
3857.632000 96.387894 
3859.560816 96.382885 
3861.489632 96.379066 
3863.418448 96.376763 
3865.347264 96.376008 
3867.276080 96.376435 
3869.204896 96.377370 
3871.133712 96.378019 
3873.062528 96.378152 
3874.991344 96.377700 
3876.920160 96.375487 
3878.848976 96.373637 
3880.777792 96.371270 
3882.706608 96.367201 
3884.635424 96.363047 
3886.564240 96.358814 
3888.493056 96.354016 
3890.421872 96.348407 
3892.350688 96.341869 
3894.279504 96.335108 
3896.208320 96.328532 
3898.137136 96.322646 
3900.065952 96.317693 
3901.994768 96.314110 
3903.923584 96.312958 
3905.852400 96.313979 
3907.781216 96.317439 
3909.710032 96.324300 
3911.638848 96.333689 
3913.567664 96.347736 
3915.496480 96.365185 
3917.425296 96.385120 
3919.354112 96.406387 
3921.282928 96.427961 
3923.211744 96.448908 
3925.140560 96.468744 
3927.069376 96.486728 
3928.998192 96.502398 
3930.927008 96.514827 
3932.855824 96.525041 
3934.784640 96.533093 
3936.713456 96.538598 
3938.642272 96.542472 
3940.571088 96.544435 
3942.499904 96.545772 
3944.428720 96.548038 
3946.357536 96.551573 
3948.286352 96.557386 
3950.215168 96.565428 
3952.143984 96.575902 
3954.072800 96.588876 
3956.001616 96.602460 
3957.930432 96.614797 
3959.859248 96.625108 
3961.788064 96.632514 
3963.716880 96.637540 
3965.645696 96.640383 
3967.574512 96.642498 
3969.503328 96.642038 
3971.432144 96.638149 
3973.360960 96.632022 
3975.289776 96.624608 
3977.218592 96.617581 
3979.147408 96.612306 
3981.076224 96.609757 
3983.005040 96.610352 
3984.933856 96.613596 
3986.862672 96.618075 
3988.791488 96.623183 
3990.720304 96.628977 
3992.649120 96.635232 
3994.577936 96.642125 
3996.506752 96.650273 
3998.435568 96.659039 
4000.364384 96.665596 