698.231392 94.836512 
700.160208 94.842978 
702.089024 94.849231 
704.017840 94.857642 
705.946656 94.870416 
707.875472 94.887028 
709.804288 94.906262 
711.733104 94.925501 
713.661920 94.943811 
715.590736 94.961080 
717.519552 94.979175 
719.448368 94.999744 
721.377184 95.018215 
723.306000 95.029168 
725.234816 95.028625 
727.163632 95.013906 
729.092448 94.986092 
731.021264 94.945696 
732.950080 94.892363 
734.878896 94.829132 
736.807712 94.761655 
738.736528 94.694775 
740.665344 94.632927 
742.594160 94.580497 
744.522976 94.539679 
746.451792 94.509076 
748.380608 94.491607 
750.309424 94.489939 
752.238240 94.501773 
754.167056 94.520063 
756.095872 94.537475 
758.024688 94.552988 
759.953504 94.568019 
761.882320 94.577775 
763.811136 94.579161 
765.739952 94.570606 
767.668768 94.553093 
769.597584 94.531413 
771.526400 94.510141 
773.455216 94.490980 
775.384032 94.475989 
777.312848 94.465635 
779.241664 94.457823 
781.170480 94.452035 
783.099296 94.447804 
785.028112 94.443378 
786.956928 94.436861 
788.885744 94.427768 
790.814560 94.416885 
792.743376 94.403776 
794.672192 94.386905 
796.601008 94.364389 
798.529824 94.339777 
800.458640 94.317006 
802.387456 94.297479 
804.316272 94.281162 
806.245088 94.267291 
808.173904 94.254264 
810.102720 94.240018 
812.031536 94.223955 
813.960352 94.206597 
815.889168 94.189850 
817.817984 94.172509 
819.746800 94.154585 
821.675616 94.139292 
823.604432 94.128527 
825.533248 94.123218 
827.462064 94.122787 
829.390880 94.127848 
831.319696 94.140528 
833.248512 94.159612 
835.177328 94.180455 
837.106144 94.199569 
839.034960 94.217442 
840.963776 94.234531 
842.892592 94.250117 
844.821408 94.263701 
846.750224 94.276975 
848.679040 94.290025 
850.607856 94.306169 
852.536672 94.326342 
854.465488 94.348561 
856.394304 94.373035 
858.323120 94.398691 
860.251936 94.422627 
862.180752 94.443682 
864.109568 94.460202 
866.038384 94.469336 
867.967200 94.469306 
869.896016 94.462159 
871.824832 94.450098 
873.753648 94.434353 
875.682464 94.417777 
877.611280 94.404056 
879.540096 94.396326 
881.468912 94.396654 
883.397728 94.403411 
885.326544 94.416116 
887.255360 94.435251 
889.184176 94.458464 
891.112992 94.481927 
893.041808 94.503781 
894.970624 94.521069 
896.899440 94.531771 
898.828256 94.534050 
900.757072 94.527683 
902.685888 94.513275 
904.614704 94.490767 
906.543520 94.461570 
908.472336 94.428232 
910.401152 94.394263 
912.329968 94.361435 
914.258784 94.330086 
916.187600 94.301469 
918.116416 94.275614 
920.045232 94.253048 
921.974048 94.235670 
923.902864 94.222190 
925.831680 94.210340 
927.760496 94.199930 
929.689312 94.188426 
931.618128 94.174276 
933.546944 94.158338 
935.475760 94.140015 
937.404576 94.120828 
939.333392 94.102115 
941.262208 94.084807 
943.191024 94.068462 
945.119840 94.051241 
947.048656 94.032522 
948.977472 94.012084 
950.906288 93.991156 
952.835104 93.970747 
954.763920 93.951155 
956.692736 93.931205 
958.621552 93.909552 
960.550368 93.885689 
962.479184 93.858090 
964.408000 93.826172 
966.336816 93.791593 
968.265632 93.757513 
970.194448 93.723909 
972.123264 93.692259 
974.052080 93.661267 
975.980896 93.628806 
977.909712 93.593969 
979.838528 93.555023 
981.767344 93.512718 
983.696160 93.469146 
985.624976 93.426282 
987.553792 93.384934 
989.482608 93.345183 
991.411424 93.305975 
993.340240 93.266469 
995.269056 93.227693 
997.197872 93.191058 
999.126688 93.158317 
1001.055504 93.131188 
1002.984320 93.110250 
1004.913136 93.093043 
1006.841952 93.077615 
1008.770768 93.060838 
1010.699584 93.041995 
1012.628400 93.022012 
1014.557216 92.999622 
1016.486032 92.976260 
1018.414848 92.954942 
1020.343664 92.936887 
1022.272480 92.923495 
1024.201296 92.916007 
1026.130112 92.914041 
1028.058928 92.916819 
1029.987744 92.925214 
1031.916560 92.940625 
1033.845376 92.963132 
1035.774192 92.991878 
1037.703008 93.024580 
1039.631824 93.058187 
1041.560640 93.093554 
1043.489456 93.129242 
1045.418272 93.164662 
1047.347088 93.201582 
1049.275904 93.241998 
1051.204720 93.288972 
1053.133536 93.344758 
1055.062352 93.408312 
1056.991168 93.477002 
1058.919984 93.549770 
1060.848800 93.625241 
1062.777616 93.702857 
1064.706432 93.782478 
1066.635248 93.862412 
1068.564064 93.938246 
1070.492880 94.006138 
1072.421696 94.065618 
1074.350512 94.115238 
1076.279328 94.155838 
1078.208144 94.186299 
1080.136960 94.208121 
1082.065776 94.223760 
1083.994592 94.233075 
1085.923408 94.235107 
1087.852224 94.229988 
1089.781040 94.218437 
1091.709856 94.201504 
1093.638672 94.183913 
1095.567488 94.167940 
1097.496304 94.154914 
1099.425120 94.145602 
1101.353936 94.140758 
1103.282752 94.142455 
1105.211568 94.154107 
1107.140384 94.178612 
1109.069200 94.214963 
1110.998016 94.262973 
1112.926832 94.321338 
1114.855648 94.386203 
1116.784464 94.453363 
1118.713280 94.519151 
1120.642096 94.580713 
1122.570912 94.635706 
1124.499728 94.682984 
1126.428544 94.720630 
1128.357360 94.747642 
1130.286176 94.763030 
1132.214992 94.766764 
1134.143808 94.761235 
1136.072624 94.749525 
1138.001440 94.732880 
1139.930256 94.712521 
1141.859072 94.689912 
1143.787888 94.665155 
1145.716704 94.637677 
1147.645520 94.608313 
1149.574336 94.577793 
1151.503152 94.548679 
1153.431968 94.522828 
1155.360784 94.502441 
1157.289600 94.489728 
1159.218416 94.486463 
1161.147232 94.494035 
1163.076048 94.512751 
1165.004864 94.542341 
1166.933680 94.581356 
1168.862496 94.628076 
1170.791312 94.679285 
1172.720128 94.731152 
1174.648944 94.781254 
1176.577760 94.825820 
1178.506576 94.860758 
1180.435392 94.882917 
1182.364208 94.891906 
1184.293024 94.888109 
1186.221840 94.873226 
1188.150656 94.849457 
1190.079472 94.819559 
1192.008288 94.785466 
1193.937104 94.748298 
1195.865920 94.710249 
1197.794736 94.673145 
1199.723552 94.637779 
1201.652368 94.604936 
1203.581184 94.576489 
1205.510000 94.553709 
1207.438816 94.536000 
1209.367632 94.522909 
1211.296448 94.512723 
1213.225264 94.504108 
1215.154080 94.497370 
1217.082896 94.493436 
1219.011712 94.492514 
1220.940528 94.494637 
1222.869344 94.499199 
1224.798160 94.505234 
1226.726976 94.512485 
1228.655792 94.520391 
1230.584608 94.528644 
1232.513424 94.537184 
1234.442240 94.545316 
1236.371056 94.553780 
1238.299872 94.564099 
1240.228688 94.575777 
1242.157504 94.586966 
1244.086320 94.596357 
1246.015136 94.602700 
1247.943952 94.605971 
1249.872768 94.606777 
1251.801584 94.605016 
1253.730400 94.600736 
1255.659216 94.594493 
1257.588032 94.586947 
1259.516848 94.578649 
1261.445664 94.570537 
1263.374480 94.562557 
1265.303296 94.555082 
1267.232112 94.550103 
1269.160928 94.548993 
1271.089744 94.552650 
1273.018560 94.560505 
1274.947376 94.570590 
1276.876192 94.581112 
1278.805008 94.591597 
1280.733824 94.602045 
1282.662640 94.612109 
1284.591456 94.621360 
1286.520272 94.629757 
1288.449088 94.637433 
1290.377904 94.644819 
1292.306720 94.652214 
1294.235536 94.659489 
1296.164352 94.666987 
1298.093168 94.676020 
1300.021984 94.687692 
1301.950800 94.703426 
1303.879616 94.724113 
1305.808432 94.750421 
1307.737248 94.782754 
1309.666064 94.821764 
1311.594880 94.867989 
1313.523696 94.919976 
1315.452512 94.976505 
1317.381328 95.036388 
1319.310144 95.097904 
1321.238960 95.159724 
1323.167776 95.219031 
1325.096592 95.272729 
1327.025408 95.319307 
1328.954224 95.357040 
1330.883040 95.384524 
1332.811856 95.401744 
1334.740672 95.408679 
1336.669488 95.405032 
1338.598304 95.393917 
1340.527120 95.375820 
1342.455936 95.350770 
1344.384752 95.318420 
1346.313568 95.280205 
1348.242384 95.236320 
1350.171200 95.188895 
1352.100016 95.140474 
1354.028832 95.091937 
1355.957648 95.045137 
1357.886464 95.001857 
1359.815280 94.963742 
1361.744096 94.934219 
1363.672912 94.915006 
1365.601728 94.907848 
1367.530544 94.914848 
1369.459360 94.938672 
1371.388176 94.977759 
1373.316992 95.032987 
1375.245808 95.101433 
1377.174624 95.180238 
1379.103440 95.266511 
1381.032256 95.358799 
1382.961072 95.453823 
1384.889888 95.547747 
1386.818704 95.637446 
1388.747520 95.718678 
1390.676336 95.788972 
1392.605152 95.846278 
1394.533968 95.887911 
1396.462784 95.913189 
1398.391600 95.921757 
1400.320416 95.914266 
1402.249232 95.892358 
1404.178048 95.858355 
1406.106864 95.812710 
1408.035680 95.758989 
1409.964496 95.699944 
1411.893312 95.638145 
1413.822128 95.577314 
1415.750944 95.520358 
1417.679760 95.468929 
1419.608576 95.423892 
1421.537392 95.386621 
1423.466208 95.357516 
1425.395024 95.336316 
1427.323840 95.322345 
1429.252656 95.314560 
1431.181472 95.312075 
1433.110288 95.314221 
1435.039104 95.320475 
1436.967920 95.330246 
1438.896736 95.342952 
1440.825552 95.357633 
1442.754368 95.374408 
1444.683184 95.393770 
1446.612000 95.415650 
1448.540816 95.440119 
1450.469632 95.466955 
1452.398448 95.494792 
1454.327264 95.522940 
1456.256080 95.550298 
1458.184896 95.575520 
1460.113712 95.597870 
1462.042528 95.615689 
1463.971344 95.629049 
1465.900160 95.637887 
1467.828976 95.641791 
1469.757792 95.639773 
1471.686608 95.633222 
1473.615424 95.621881 
1475.544240 95.605711 
1477.473056 95.585510 
1479.401872 95.561734 
1481.330688 95.533319 
1483.259504 95.500024 
1485.188320 95.462538 
1487.117136 95.420061 
1489.045952 95.373160 
1490.974768 95.322477 
1492.903584 95.268731 
1494.832400 95.215024 
1496.761216 95.163155 
1498.690032 95.115800 
1500.618848 95.075094 
1502.547664 95.043819 
1504.476480 95.023238 
1506.405296 95.016001 
1508.334112 95.021712 
1510.262928 95.040698 
1512.191744 95.072290 
1514.120560 95.117100 
1516.049376 95.171275 
1517.978192 95.233290 
1519.907008 95.301686 
1521.835824 95.373829 
1523.764640 95.448064 
1525.693456 95.523373 
1527.622272 95.598886 
1529.551088 95.674740 
1531.479904 95.750218 
1533.408720 95.823029 
1535.337536 95.893988 
1537.266352 95.962446 
1539.195168 96.025809 
1541.123984 96.085724 
1543.052800 96.141297 
1544.981616 96.191711 
1546.910432 96.234310 
1548.839248 96.269564 
1550.768064 96.295358 
1552.696880 96.312355 
1554.625696 96.320313 
1556.554512 96.319580 
1558.483328 96.310607 
1560.412144 96.294317 
1562.340960 96.271488 
1564.269776 96.242293 
1566.198592 96.208755 
1568.127408 96.172558 
1570.056224 96.136282 
1571.985040 96.102515 
1573.913856 96.071863 
1575.842672 96.047543 
1577.771488 96.029620 
1579.700304 96.018327 
1581.629120 96.015898 
1583.557936 96.024452 
1585.486752 96.044213 
1587.415568 96.075436 
1589.344384 96.117158 
1591.273200 96.170038 
1593.202016 96.234287 
1595.130832 96.310197 
1597.059648 96.398423 
1598.988464 96.497386 
1600.917280 96.607513 
1602.846096 96.729287 
1604.774912 96.861809 
1606.703728 97.005105 
1608.632544 97.156868 
1610.561360 97.313628 
1612.490176 97.475117 
1614.418992 97.638215 
1616.347808 97.801229 
1618.276624 97.959165 
1620.205440 98.107982 
1622.134256 98.245263 
1624.063072 98.367695 
1625.991888 98.473886 
1627.920704 98.560856 
1629.849520 98.625278 
1631.778336 98.667973 
1633.707152 98.687354 
1635.635968 98.684407 
1637.564784 98.660935 
1639.493600 98.618297 
1641.422416 98.556626 
1643.351232 98.479412 
1645.280048 98.386901 
1647.208864 98.283167 
1649.137680 98.168383 
1651.066496 98.044298 
1652.995312 97.912456 
1654.924128 97.774518 
1656.852944 97.632458 
1658.781760 97.486096 
1660.710576 97.336792 
1662.639392 97.184379 
1664.568208 97.029663 
1666.497024 96.875701 
1668.425840 96.722652 
1670.354656 96.571780 
1672.283472 96.424483 
1674.212288 96.281535 
1676.141104 96.143318 
1678.069920 96.012105 
1679.998736 95.886753 
1681.927552 95.767337 
1683.856368 95.654059 
1685.785184 95.547004 
1687.714000 95.446271 
1689.642816 95.351849 
1691.571632 95.263578 
1693.500448 95.180133 
1695.429264 95.102121 
1697.358080 95.028200 
1699.286896 94.958029 
1701.215712 94.891967 
1703.144528 94.830557 
1705.073344 94.774008 
1707.002160 94.722121 
1708.930976 94.674355 
1710.859792 94.630302 
1712.788608 94.589472 
1714.717424 94.551724 
1716.646240 94.517325 
1718.575056 94.486816 
1720.503872 94.460561 
1722.432688 94.438868 
1724.361504 94.421284 
1726.290320 94.408310 
1728.219136 94.398984 
1730.147952 94.393665 
1732.076768 94.392011 
1734.005584 94.394503 
1735.934400 94.401080 
1737.863216 94.411211 
1739.792032 94.423972 
1741.720848 94.438329 
1743.649664 94.453278 
1745.578480 94.468267 
1747.507296 94.482892 
1749.436112 94.496944 
1751.364928 94.510342 
1753.293744 94.522913 
1755.222560 94.534508 
1757.151376 94.545506 
1759.080192 94.555572 
1761.009008 94.565345 
1762.937824 94.574527 
1764.866640 94.583649 
1766.795456 94.592607 
1768.724272 94.601753 
1770.653088 94.610599 
1772.581904 94.618788 
1774.510720 94.626068 
1776.439536 94.632330 
1778.368352 94.637683 
1780.297168 94.642395 
1782.225984 94.646884 
1784.154800 94.651055 
1786.083616 94.655578 
1788.012432 94.660707 
1789.941248 94.666964 
1791.870064 94.674834 
1793.798880 94.683951 
1795.727696 94.694195 
1797.656512 94.705538 
1799.585328 94.717784 
1801.514144 94.730093 
1803.442960 94.741979 
1805.371776 94.752779 
1807.300592 94.761965 
1809.229408 94.769219 
1811.158224 94.774359 
1813.087040 94.777379 
1815.015856 94.778061 
1816.944672 94.777012 
1818.873488 94.774682 
1820.802304 94.771630 
1822.731120 94.768059 
1824.659936 94.764502 
1826.588752 94.761433 
1828.517568 94.759299 
1830.446384 94.758447 
1832.375200 94.759087 
1834.304016 94.761185 
1836.232832 94.764610 
1838.161648 94.769163 
1840.090464 94.774656 
1842.019280 94.780907 
1843.948096 94.787714 
1845.876912 94.794873 
1847.805728 94.802187 
1849.734544 94.809423 
1851.663360 94.816518 
1853.592176 94.823468 
1855.520992 94.829977 
1857.449808 94.836248 
1859.378624 94.842241 
1861.307440 94.847874 
1863.236256 94.853109 
1865.165072 94.857844 
1867.093888 94.861966 
1869.022704 94.865271 
1870.951520 94.867739 
1872.880336 94.869365 
1874.809152 94.870142 
1876.737968 94.870133 
1878.666784 94.869381 
1880.595600 94.867975 
1882.524416 94.866040 
1884.453232 94.863740 
1886.382048 94.861224 
1888.310864 94.859045 
1890.239680 94.857202 
1892.168496 94.855739 
1894.097312 94.854762 
1896.026128 94.854301 
1897.954944 94.854294 
1899.883760 94.854751 
1901.812576 94.855677 
1903.741392 94.856914 
1905.670208 94.858399 
1907.599024 94.859952 
1909.527840 94.861413 
1911.456656 94.862676 
1913.385472 94.863648 
1915.314288 94.864350 
1917.243104 94.864940 
1919.171920 94.865036 
1921.100736 94.864755 
1923.029552 94.864203 
1924.958368 94.863358 
1926.887184 94.862600 
1928.816000 94.861979 
1930.744816 94.861606 
1932.673632 94.861498 
1934.602448 94.861805 
1936.531264 94.862548 
1938.460080 94.863536 
1940.388896 94.865056 
1942.317712 94.866655 
1944.246528 94.868467 
1946.175344 94.870590 
1948.104160 94.872538 
1950.032976 94.873992 
1951.961792 94.875407 
1953.890608 94.876582 
1955.819424 94.877965 
1957.748240 94.879925 
1959.677056 94.882275 
1961.605872 94.885238 
1963.534688 94.888730 
1965.463504 94.892376 
1967.392320 94.896067 
1969.321136 94.899826 
1971.249952 94.903277 
1973.178768 94.905785 
1975.107584 94.907799 
1977.036400 94.908863 
1978.965216 94.908933 
1980.894032 94.908219 
1982.822848 94.906907 
1984.751664 94.905236 
1986.680480 94.903985 
1988.609296 94.903086 
1990.538112 94.902822 
1992.466928 94.903688 
1994.395744 94.905461 
1996.324560 94.908041 
1998.253376 94.911578 
2000.182192 94.915453 
2002.111008 94.919278 
2004.039824 94.923011 
2005.968640 94.926179 
2007.897456 94.928648 
2009.826272 94.930883 
2011.755088 94.932825 
2013.683904 94.934740 
2015.612720 94.937018 
2017.541536 94.939927 
2019.470352 94.942895 
2021.399168 94.945897 
2023.327984 94.949152 
2025.256800 94.952319 
2027.185616 94.955032 
2029.114432 94.957037 
2031.043248 94.958395 
2032.972064 94.959180 
2034.900880 94.959089 
2036.829696 94.958244 
2038.758512 94.956878 
2040.687328 94.954919 
2042.616144 94.953087 
2044.544960 94.951500 
2046.473776 94.949987 
2048.402592 94.948565 
2050.331408 94.946825 
2052.260224 94.944974 
2054.189040 94.942882 
2056.117856 94.940524 
2058.046672 94.938409 
2059.975488 94.936937 
2061.904304 94.936010 
2063.833120 94.935863 
2065.761936 94.937395 
2067.690752 94.941178 
2069.619568 94.946508 
2071.548384 94.952870 
2073.477200 94.959777 
2075.406016 94.966352 
2077.334832 94.972487 
2079.263648 94.978003 
2081.192464 94.982250 
2083.121280 94.985099 
2085.050096 94.986141 
2086.978912 94.985710 
2088.907728 94.984147 
2090.836544 94.981100 
2092.765360 94.976665 
2094.694176 94.972282 
2096.622992 94.968443 
2098.551808 94.965808 
2100.480624 94.964447 
2102.409440 94.964074 
2104.338256 94.963928 
2106.267072 94.964005 
2108.195888 94.964525 
2110.124704 94.965656 
2112.053520 94.968021 
2113.982336 94.972027 
2115.911152 94.976668 
2117.839968 94.981484 
2119.768784 94.985940 
2121.697600 94.989605 
2123.626416 94.992405 
2125.555232 94.994419 
2127.484048 94.995726 
2129.412864 94.997226 
2131.341680 94.998901 
2133.270496 95.000518 
2135.199312 95.001331 
2137.128128 95.001594 
2139.056944 95.001484 
2140.985760 95.001380 
2142.914576 95.002352 
2144.843392 95.005100 
2146.772208 95.008574 
2148.701024 95.012252 
2150.629840 95.016018 
2152.558656 95.019571 
2154.487472 95.022648 
2156.416288 95.025554 
2158.345104 95.028838 
2160.273920 95.032859 
2162.202736 95.037341 
2164.131552 95.042387 
2166.060368 95.047802 
2167.989184 95.053096 
2169.918000 95.057393 
2171.846816 95.061055 
2173.775632 95.065323 
2175.704448 95.070555 
2177.633264 95.076119 
2179.562080 95.081581 
2181.490896 95.086209 
2183.419712 95.089760 
2185.348528 95.092532 
2187.277344 95.094712 
2189.206160 95.096936 
2191.134976 95.099400 
2193.063792 95.101938 
2194.992608 95.105081 
2196.921424 95.108870 
2198.850240 95.112505 
2200.779056 95.115394 
2202.707872 95.117765 
2204.636688 95.120537 
2206.565504 95.124207 
2208.494320 95.128650 
2210.423136 95.132734 
2212.351952 95.136038 
2214.280768 95.138865 
2216.209584 95.140737 
2218.138400 95.141688 
2220.067216 95.142425 
2221.996032 95.143203 
2223.924848 95.144131 
2225.853664 95.145030 
2227.782480 95.145868 
2229.711296 95.146507 
2231.640112 95.146795 
2233.568928 95.146909 
2235.497744 95.147632 
2237.426560 95.149085 
2239.355376 95.151103 
2241.284192 95.153206 
2243.213008 95.155346 
2245.141824 95.157242 
2247.070640 95.158649 
2248.999456 95.159655 
2250.928272 95.160211 
2252.857088 95.160798 
2254.785904 95.161414 
2256.714720 95.161933 
2258.643536 95.162658 
2260.572352 95.163585 
2262.501168 95.164586 
2264.429984 95.165584 
2266.358800 95.166915 
2268.287616 95.168770 
2270.216432 95.171034 
2272.145248 95.173170 
2274.074064 95.174925 
2276.002880 95.176157 
2277.931696 95.176339 
2279.860512 95.174846 
2281.789328 95.171543 
2283.718144 95.166711 
2285.646960 95.160217 
2287.575776 95.151954 
2289.504592 95.141898 
2291.433408 95.130112 
2293.362224 95.116687 
2295.291040 95.101768 
2297.219856 95.085707 
2299.148672 95.068994 
2301.077488 95.052095 
2303.006304 95.035468 
2304.935120 95.019677 
2306.863936 95.005241 
2308.792752 94.992678 
2310.721568 94.982561 
2312.650384 94.975276 
2314.579200 94.971120 
2316.508016 94.970159 
2318.436832 94.972348 
2320.365648 94.977498 
2322.294464 94.985138 
2324.223280 94.994582 
2326.152096 95.005186 
2328.080912 95.016340 
2330.009728 95.027308 
2331.938544 95.037474 
2333.867360 95.046358 
2335.796176 95.053565 
2337.724992 95.059047 
2339.653808 95.063180 
2341.582624 95.066523 
2343.511440 95.069668 
2345.440256 95.073229 
2347.369072 95.077736 
2349.297888 95.083823 
2351.226704 95.091960 
2353.155520 95.102473 
2355.084336 95.115581 
2357.013152 95.131153 
2358.941968 95.148508 
2360.870784 95.167388 
2362.799600 95.186970 
2364.728416 95.206129 
2366.657232 95.223891 
2368.586048 95.239924 
2370.514864 95.253283 
2372.443680 95.263390 
2374.372496 95.270304 
2376.301312 95.274323 
2378.230128 95.276211 
2380.158944 95.276555 
2382.087760 95.276227 
2384.016576 95.276104 
2385.945392 95.276807 
2387.874208 95.278463 
2389.803024 95.281220 
2391.731840 95.285110 
2393.660656 95.289369 
2395.589472 95.294070 
2397.518288 95.298574 
2399.447104 95.302190 
2401.375920 95.303823 
2403.304736 95.303471 
2405.233552 95.301180 
2407.162368 95.297890 
2409.091184 95.295118 
2411.020000 95.293656 
2412.948816 95.294300 
2414.877632 95.296960 
2416.806448 95.301715 
2418.735264 95.308508 
2420.664080 95.316754 
2422.592896 95.325103 
2424.521712 95.332670 
2426.450528 95.338979 
2428.379344 95.343130 
2430.308160 95.344801 
2432.236976 95.343572 
2434.165792 95.339297 
2436.094608 95.332237 
2438.023424 95.323801 
2439.952240 95.315056 
2441.881056 95.306850 
2443.809872 95.300323 
2445.738688 95.295860 
2447.667504 95.293731 
2449.596320 95.293865 
2451.525136 95.295955 
2453.453952 95.299675 
2455.382768 95.304265 
2457.311584 95.308872 
2459.240400 95.313573 
2461.169216 95.318528 
2463.098032 95.323040 
2465.026848 95.326734 
2466.955664 95.329722 
2468.884480 95.332164 
2470.813296 95.334190 
2472.742112 95.336292 
2474.670928 95.338859 
2476.599744 95.341760 
2478.528560 95.344876 
2480.457376 95.348301 
2482.386192 95.352191 
2484.315008 95.356416 
2486.243824 95.360058 
2488.172640 95.362472 
2490.101456 95.363926 
2492.030272 95.364591 
2493.959088 95.364320 
2495.887904 95.363034 
2497.816720 95.360608 
2499.745536 95.357355 
2501.674352 95.353857 
2503.603168 95.350498 
2505.531984 95.347406 
2507.460800 95.344790 
2509.389616 95.342914 
2511.318432 95.342274 
2513.247248 95.343172 
2515.176064 95.345536 
2517.104880 95.349304 
2519.033696 95.354022 
2520.962512 95.359309 
2522.891328 95.364891 
2524.820144 95.370770 
2526.748960 95.376341 
2528.677776 95.380623 
2530.606592 95.383153 
2532.535408 95.383874 
2534.464224 95.382582 
2536.393040 95.378804 
2538.321856 95.373026 
2540.250672 95.366033 
2542.179488 95.358438 
2544.108304 95.351688 
2546.037120 95.347142 
2547.965936 95.345500 
2549.894752 95.346840 
2551.823568 95.351755 
2553.752384 95.360367 
2555.681200 95.372050 
2557.610016 95.385845 
2559.538832 95.400782 
2561.467648 95.415762 
2563.396464 95.429596 
2565.325280 95.441330 
2567.254096 95.450669 
2569.182912 95.457881 
2571.111728 95.462640 
2573.040544 95.465493 
2574.969360 95.467446 
2576.898176 95.468191 
2578.826992 95.467940 
2580.755808 95.467664 
2582.684624 95.467868 
2584.613440 95.467778 
2586.542256 95.466617 
2588.471072 95.464824 
2590.399888 95.462870 
2592.328704 95.461129 
2594.257520 95.459763 
2596.186336 95.459432 
2598.115152 95.460547 
2600.043968 95.462548 
2601.972784 95.465578 
2603.901600 95.470328 
2605.830416 95.476309 
2607.759232 95.483144 
2609.688048 95.491004 
2611.616864 95.499110 
2613.545680 95.506352 
2615.474496 95.512007 
2617.403312 95.515610 
2619.332128 95.517222 
2621.260944 95.516980 
2623.189760 95.516100 
2625.118576 95.515088 
2627.047392 95.513778 
2628.976208 95.512297 
2630.905024 95.511483 
2632.833840 95.511104 
2634.762656 95.510895 
2636.691472 95.511721 
2638.620288 95.514319 
2640.549104 95.518201 
2642.477920 95.522783 
2644.406736 95.528065 
2646.335552 95.533847 
2648.264368 95.539858 
2650.193184 95.545823 
2652.122000 95.551482 
2654.050816 95.557198 
2655.979632 95.562579 
2657.908448 95.567421 
2659.837264 95.571648 
2661.766080 95.574554 
2663.694896 95.574898 
2665.623712 95.573546 
2667.552528 95.571374 
2669.481344 95.568716 
2671.410160 95.565515 
2673.338976 95.562094 
2675.267792 95.558510 
2677.196608 95.555337 
2679.125424 95.553798 
2681.054240 95.554072 
2682.983056 95.555993 
2684.911872 95.559208 
2686.840688 95.563385 
2688.769504 95.568800 
2690.698320 95.575036 
2692.627136 95.582065 
2694.555952 95.589317 
2696.484768 95.596255 
2698.413584 95.602829 
2700.342400 95.609916 
2702.271216 95.617300 
2704.200032 95.624679 
2706.128848 95.631522 
2708.057664 95.638718 
2709.986480 95.647082 
2711.915296 95.656705 
2713.844112 95.667361 
2715.772928 95.678277 
2717.701744 95.688886 
2719.630560 95.698638 
2721.559376 95.706841 
2723.488192 95.713138 
2725.417008 95.717496 
2727.345824 95.720356 
2729.274640 95.721835 
2731.203456 95.722294 
2733.132272 95.722105 
2735.061088 95.721480 
2736.989904 95.720548 
2738.918720 95.720496 
2740.847536 95.721508 
2742.776352 95.724616 
2744.705168 95.730155 
2746.633984 95.737447 
2748.562800 95.745915 
2750.491616 95.754732 
2752.420432 95.762942 
2754.349248 95.769816 
2756.278064 95.775728 
2758.206880 95.780524 
2760.135696 95.783862 
2762.064512 95.786058 
2763.993328 95.787491 
2765.922144 95.788413 
2767.850960 95.789208 
2769.779776 95.790379 
2771.708592 95.792440 
2773.637408 95.796266 
2775.566224 95.802371 
2777.495040 95.811397 
2779.423856 95.822786 
2781.352672 95.835475 
2783.281488 95.848865 
2785.210304 95.862416 
2787.139120 95.876029 
2789.067936 95.889175 
2790.996752 95.901398 
2792.925568 95.912319 
2794.854384 95.921882 
2796.783200 95.930500 
2798.712016 95.938560 
2800.640832 95.946499 
2802.569648 95.955072 
2804.498464 95.964950 
2806.427280 95.977086 
2808.356096 95.991379 
2810.284912 96.007280 
2812.213728 96.024495 
2814.142544 96.042078 
2816.071360 96.058966 
2818.000176 96.074127 
2819.928992 96.087131 
2821.857808 96.098505 
2823.786624 96.110106 
2825.715440 96.126833 
2827.644256 96.155257 
2829.573072 96.202740 
2831.501888 96.275571 
2833.430704 96.377912 
2835.359520 96.511183 
2837.288336 96.673322 
2839.217152 96.858851 
2841.145968 97.060572 
2843.074784 97.267502 
2845.003600 97.466888 
2846.932416 97.646713 
2848.861232 97.794302 
2850.790048 97.898703 
2852.718864 97.952916 
2854.647680 97.955986 
2856.576496 97.912046 
2858.505312 97.828125 
2860.434128 97.715544 
2862.362944 97.586400 
2864.291760 97.451872 
2866.220576 97.321558 
2868.149392 97.203182 
2870.078208 97.101707 
2872.007024 97.019729 
2873.935840 96.958556 
2875.864656 96.919155 
2877.793472 96.899729 
2879.722288 96.896432 
2881.651104 96.906598 
2883.579920 96.926925 
2885.508736 96.955396 
2887.437552 96.990607 
2889.366368 97.033312 
2891.295184 97.085277 
2893.224000 97.147779 
2895.152816 97.223594 
2897.081632 97.315612 
2899.010448 97.426931 
2900.939264 97.560910 
2902.868080 97.719157 
2904.796896 97.902411 
2906.725712 98.109843 
2908.654528 98.337136 
2910.583344 98.577556 
2912.512160 98.821246 
2914.440976 99.055001 
2916.369792 99.266813 
2918.298608 99.443547 
2920.227424 99.573376 
2922.156240 99.646551 
2924.085056 99.658260 
2926.013872 99.608631 
2927.942688 99.502746 
2929.871504 99.350498 
2931.800320 99.165132 
2933.729136 98.960268 
2935.657952 98.749279 
2937.586768 98.545527 
2939.515584 98.360885 
2941.444400 98.202936 
2943.373216 98.075258 
2945.302032 97.978432 
2947.230848 97.910145 
2949.159664 97.863887 
2951.088480 97.833044 
2953.017296 97.810094 
2954.946112 97.787976 
2956.874928 97.761141 
2958.803744 97.725670 
2960.732560 97.680184 
2962.661376 97.625203 
2964.590192 97.561854 
2966.519008 97.491977 
2968.447824 97.418506 
2970.376640 97.344604 
2972.305456 97.274246 
2974.234272 97.209914 
2976.163088 97.151849 
2978.091904 97.100796 
2980.020720 97.056419 
2981.949536 97.017959 
2983.878352 96.983942 
2985.807168 96.954313 
2987.735984 96.928373 
2989.664800 96.905111 
2991.593616 96.884874 
2993.522432 96.867425 
2995.451248 96.852998 
2997.380064 96.841118 
2999.308880 96.832228 
3001.237696 96.827221 
3003.166512 96.827332 
3005.095328 96.832072 
3007.024144 96.841067 
3008.952960 96.853520 
3010.881776 96.867760 
3012.810592 96.883436 
3014.739408 96.900385 
3016.668224 96.919119 
3018.597040 96.938976 
3020.525856 96.959116 
3022.454672 96.977530 
3024.383488 96.992828 
3026.312304 97.005286 
3028.241120 97.015402 
3030.169936 97.023522 
3032.098752 97.029721 
3034.027568 97.035160 
3035.956384 97.040682 
3037.885200 97.047350 
3039.814016 97.054893 
3041.742832 97.064025 
3043.671648 97.075466 
3045.600464 97.089262 
3047.529280 97.104831 
3049.458096 97.121840 
3051.386912 97.139488 
3053.315728 97.155725 
3055.244544 97.169743 
3057.173360 97.182078 
3059.102176 97.193934 
3061.030992 97.205153 
3062.959808 97.216253 
3064.888624 97.226533 
3066.817440 97.235200 
3068.746256 97.242713 
3070.675072 97.249014 
3072.603888 97.253851 
3074.532704 97.256490 
3076.461520 97.257094 
3078.390336 97.255106 
3080.319152 97.251463 
3082.247968 97.246926 
3084.176784 97.242224 
3086.105600 97.238473 
3088.034416 97.236796 
3089.963232 97.238627 
3091.892048 97.243905 
3093.820864 97.250934 
3095.749680 97.257348 
3097.678496 97.262948 
3099.607312 97.267928 
3101.536128 97.272700 
3103.464944 97.277099 
3105.393760 97.279973 
3107.322576 97.280177 
3109.251392 97.277212 
3111.180208 97.272159 
3113.109024 97.267383 
3115.037840 97.264692 
3116.966656 97.263847 
3118.895472 97.265499 
3120.824288 97.270171 
3122.753104 97.276522 
3124.681920 97.283613 
3126.610736 97.291158 
3128.539552 97.299036 
3130.468368 97.307364 
3132.397184 97.316424 
3134.326000 97.326537 
3136.254816 97.338462 
3138.183632 97.351832 
3140.112448 97.366587 
3142.041264 97.383011 
3143.970080 97.401285 
3145.898896 97.421667 
3147.827712 97.443553 
3149.756528 97.466184 
3151.685344 97.488929 
3153.614160 97.512634 
3155.542976 97.537236 
3157.471792 97.561094 
3159.400608 97.583401 
3161.329424 97.603621 
3163.258240 97.621369 
3165.187056 97.637778 
3167.115872 97.654644 
3169.044688 97.672851 
3170.973504 97.693462 
3172.902320 97.715963 
3174.831136 97.739313 
3176.759952 97.762744 
3178.688768 97.784971 
3180.617584 97.805210 
3182.546400 97.823939 
3184.475216 97.843947 
3186.404032 97.864844 
3188.332848 97.884396 
3190.261664 97.902273 
3192.190480 97.917931 
3194.119296 97.931006 
3196.048112 97.943014 
3197.976928 97.956911 
3199.905744 97.974692 
3201.834560 97.995336 
3203.763376 98.017506 
3205.692192 98.040717 
3207.621008 98.063651 
3209.549824 98.085202 
3211.478640 98.104330 
3213.407456 98.120942 
3215.336272 98.136236 
3217.265088 98.149978 
3219.193904 98.161334 
3221.122720 98.169546 
3223.051536 98.173914 
3224.980352 98.175265 
3226.909168 98.175448 
3228.837984 98.176008 
3230.766800 98.178206 
3232.695616 98.183641 
3234.624432 98.193630 
3236.553248 98.208161 
3238.482064 98.227783 
3240.410880 98.251602 
3242.339696 98.278972 
3244.268512 98.309916 
3246.197328 98.343077 
3248.126144 98.378540 
3250.054960 98.415105 
3251.983776 98.448164 
3253.912592 98.476481 
3255.841408 98.501316 
3257.770224 98.522252 
3259.699040 98.539734 
3261.627856 98.555702 
3263.556672 98.571335 
3265.485488 98.586962 
3267.414304 98.603623 
3269.343120 98.621686 
3271.271936 98.641077 
3273.200752 98.661558 
3275.129568 98.682380 
3277.058384 98.704060 
3278.987200 98.726588 
3280.916016 98.747789 
3282.844832 98.765843 
3284.773648 98.780364 
3286.702464 98.789790 
3288.631280 98.795001 
3290.560096 98.797463 
3292.488912 98.796757 
3294.417728 98.793152 
3296.346544 98.786702 
3298.275360 98.777711 
3300.204176 98.766275 
3302.132992 98.753427 
3304.061808 98.739746 
3305.990624 98.726632 
3307.919440 98.714884 
3309.848256 98.705170 
3311.777072 98.698671 
3313.705888 98.696760 
3315.634704 98.698334 
3317.563520 98.702215 
3319.492336 98.711068 
3321.421152 98.725077 
3323.349968 98.743658 
3325.278784 98.766243 
3327.207600 98.790790 
3329.136416 98.816742 
3331.065232 98.841791 
3332.994048 98.863555 
3334.922864 98.881357 
3336.851680 98.894545 
3338.780496 98.902253 
3340.709312 98.905342 
3342.638128 98.903944 
3344.566944 98.898319 
3346.495760 98.887981 
3348.424576 98.875058 
3350.353392 98.861536 
3352.282208 98.848517 
3354.211024 98.840793 
3356.139840 98.840529 
3358.068656 98.846997 
3359.997472 98.859843 
3361.926288 98.875670 
3363.855104 98.892139 
3365.783920 98.909223 
3367.712736 98.926886 
3369.641552 98.942457 
3371.570368 98.953373 
3373.499184 98.961087 
3375.428000 98.965904 
3377.356816 98.967968 
3379.285632 98.969107 
3381.214448 98.970376 
3383.143264 98.976003 
3385.072080 98.989268 
3387.000896 99.008760 
3388.929712 99.033753 
3390.858528 99.063932 
3392.787344 99.097000 
3394.716160 99.131355 
3396.644976 99.164989 
3398.573792 99.196836 
3400.502608 99.224295 
3402.431424 99.245393 
3404.360240 99.258965 
3406.289056 99.264476 
3408.217872 99.265226 
3410.146688 99.263708 
3412.075504 99.262607 
3414.004320 99.263024 
3415.933136 99.263857 
3417.861952 99.266039 
3419.790768 99.270406 
3421.719584 99.275156 
3423.648400 99.279834 
3425.577216 99.285441 
3427.506032 99.292007 
3429.434848 99.298488 
3431.363664 99.302400 
3433.292480 99.301938 
3435.221296 99.295428 
3437.150112 99.285160 
3439.078928 99.273030 
3441.007744 99.258926 
3442.936560 99.245352 
3444.865376 99.233367 
3446.794192 99.221685 
3448.723008 99.209724 
3450.651824 99.197300 
3452.580640 99.185083 
3454.509456 99.175579 
3456.438272 99.170252 
3458.367088 99.169227 
3460.295904 99.171828 
3462.224720 99.177142 
3464.153536 99.183670 
3466.082352 99.190490 
3468.011168 99.197894 
3469.939984 99.204615 
3471.868800 99.212427 
3473.797616 99.222621 
3475.726432 99.231751 
3477.655248 99.237337 
3479.584064 99.238824 
3481.512880 99.234943 
3483.441696 99.225152 
3485.370512 99.209699 
3487.299328 99.190267 
3489.228144 99.169986 
3491.156960 99.147943 
3493.085776 99.121596 
3495.014592 99.091484 
3496.943408 99.060613 
3498.872224 99.031495 
3500.801040 99.005705 
3502.729856 98.985621 
3504.658672 98.972098 
3506.587488 98.966487 
3508.516304 98.966775 
3510.445120 98.969236 
3512.373936 98.972598 
3514.302752 98.976328 
3516.231568 98.979639 
3518.160384 98.982617 
3520.089200 98.984976 
3522.018016 98.983969 
3523.946832 98.977393 
3525.875648 98.963961 
3527.804464 98.945733 
3529.733280 98.926157 
3531.662096 98.907070 
3533.590912 98.889054 
3535.519728 98.873637 
3537.448544 98.862073 
3539.377360 98.852246 
3541.306176 98.844453 
3543.234992 98.836841 
3545.163808 98.825965 
3547.092624 98.811951 
3549.021440 98.796738 
3550.950256 98.781239 
3552.879072 98.764200 
3554.807888 98.743632 
3556.736704 98.719195 
3558.665520 98.694032 
3560.594336 98.670531 
3562.523152 98.649065 
3564.451968 98.628536 
3566.380784 98.609115 
3568.309600 98.592389 
3570.238416 98.579426 
3572.167232 98.568018 
3574.096048 98.554417 
3576.024864 98.537355 
3577.953680 98.517519 
3579.882496 98.495520 
3581.811312 98.473610 
3583.740128 98.452104 
3585.668944 98.430045 
3587.597760 98.407342 
3589.526576 98.384753 
3591.455392 98.363187 
3593.384208 98.342551 
3595.313024 98.321527 
3597.241840 98.299436 
3599.170656 98.277042 
3601.099472 98.255335 
3603.028288 98.234341 
3604.957104 98.211481 
3606.885920 98.184896 
3608.814736 98.156433 
3610.743552 98.128942 
3612.672368 98.105003 
3614.601184 98.083481 
3616.530000 98.062859 
3618.458816 98.042899 
3620.387632 98.023940 
3622.316448 98.005974 
3624.245264 97.987855 
3626.174080 97.968892 
3628.102896 97.947014 
3630.031712 97.923664 
3631.960528 97.901388 
3633.889344 97.879911 
3635.818160 97.856759 
3637.746976 97.832626 
3639.675792 97.808738 
3641.604608 97.787180 
3643.533424 97.769502 
3645.462240 97.754886 
3647.391056 97.741835 
3649.319872 97.729951 
3651.248688 97.719999 
3653.177504 97.711910 
3655.106320 97.704944 
3657.035136 97.698205 
3658.963952 97.690332 
3660.892768 97.684126 
3662.821584 97.680653 
3664.750400 97.680621 
3666.679216 97.682279 
3668.608032 97.682992 
3670.536848 97.682919 
3672.465664 97.685180 
3674.394480 97.689866 
3676.323296 97.694848 
3678.252112 97.698939 
3680.180928 97.701949 
3682.109744 97.704231 
3684.038560 97.705842 
3685.967376 97.706934 
3687.896192 97.706667 
3689.825008 97.705096 
3691.753824 97.703060 
3693.682640 97.701296 
3695.611456 97.701696 
3697.540272 97.702153 
3699.469088 97.700688 
3701.397904 97.697659 
3703.326720 97.694153 
3705.255536 97.690364 
3707.184352 97.685782 
3709.113168 97.679405 
3711.041984 97.670110 
3712.970800 97.657622 
3714.899616 97.642351 
3716.828432 97.624808 
3718.757248 97.604758 
3720.686064 97.582822 
3722.614880 97.559720 
3724.543696 97.536514 
3726.472512 97.514412 
3728.401328 97.494164 
3730.330144 97.477180 
3732.258960 97.463466 
3734.187776 97.455022 
3736.116592 97.452832 
3738.045408 97.457397 
3739.974224 97.468100 
3741.903040 97.484423 
3743.831856 97.504917 
3745.760672 97.528814 
3747.689488 97.555398 
3749.618304 97.583817 
3751.547120 97.612995 
3753.475936 97.641404 
3755.404752 97.667453 
3757.333568 97.690387 
3759.262384 97.710408 
3761.191200 97.727461 
3763.120016 97.739670 
3765.048832 97.747677 
3766.977648 97.750667 
3768.906464 97.750043 
3770.835280 97.746342 
3772.764096 97.740270 
3774.692912 97.731386 
3776.621728 97.720477 
3778.550544 97.707796 
3780.479360 97.695347 
3782.408176 97.683916 
3784.336992 97.673452 
3786.265808 97.663838 
3788.194624 97.656026 
3790.123440 97.650784 
3792.052256 97.648299 
3793.981072 97.648261 
3795.909888 97.649647 
3797.838704 97.651062 
3799.767520 97.653471 
3801.696336 97.656795 
3803.625152 97.661391 
3805.553968 97.667383 
3807.482784 97.674773 
3809.411600 97.683024 
3811.340416 97.692766 
3813.269232 97.702669 
3815.198048 97.717858 
3817.126864 97.736506 
3819.055680 97.757199 
3820.984496 97.779135 
3822.913312 97.801999 
3824.842128 97.824433 
3826.770944 97.843978 
3828.699760 97.858369 
3830.628576 97.866834 
3832.557392 97.869541 
3834.486208 97.867387 
3836.415024 97.861241 
3838.343840 97.851610 
3840.272656 97.839213 
3842.201472 97.825723 
3844.130288 97.813757 
3846.059104 97.807261 
3847.987920 97.803448 
3849.916736 97.806248 
3851.845552 97.812745 
3853.774368 97.823341 
3855.703184 97.837543 
3857.632000 97.853203 
3859.560816 97.868235 
3861.489632 97.881197 
3863.418448 97.891191 
3865.347264 97.898183 
3867.276080 97.901858 
3869.204896 97.901945 
3871.133712 97.898398 
3873.062528 97.891727 
3874.991344 97.882750 
3876.920160 97.871954 
3878.848976 97.862837 
3880.777792 97.855719 
3882.706608 97.847211 
3884.635424 97.840754 
3886.564240 97.837371 
3888.493056 97.836524 
3890.421872 97.837513 
3892.350688 97.839208 
3894.279504 97.841747 
3896.208320 97.845415 
3898.137136 97.850048 
3900.065952 97.855212 
3901.994768 97.860738 
3903.923584 97.866878 
3905.852400 97.873758 
3907.781216 97.881402 
3909.710032 97.890435 
3911.638848 97.899943 
3913.567664 97.912136 
3915.496480 97.926439 
3917.425296 97.942573 
3919.354112 97.959995 
3921.282928 97.977756 
3923.211744 97.995020 
3925.140560 98.011482 
3927.069376 98.026465 
3928.998192 98.039471 
3930.927008 98.049951 
3932.855824 98.058246 
3934.784640 98.063626 
3936.713456 98.065967 
3938.642272 98.066813 
3940.571088 98.066488 
3942.499904 98.064825 
3944.428720 98.062543 
3946.357536 98.059099 
3948.286352 98.056475 
3950.215168 98.055357 
3952.143984 98.055187 
3954.072800 98.056537 
3956.001616 98.059348 
3957.930432 98.063835 
3959.859248 98.069467 
3961.788064 98.076107 
3963.716880 98.084734 
3965.645696 98.095626 
3967.574512 98.109808 
3969.503328 98.126210 
3971.432144 98.143137 
3973.360960 98.159663 
3975.289776 98.174261 
3977.218592 98.185898 
3979.147408 98.195002 
3981.076224 98.200726 
3983.005040 98.202745 
3984.933856 98.200804 
3986.862672 98.195015 
3988.791488 98.186531 
3990.720304 98.175553 
3992.649120 98.162911 
3994.577936 98.149334 
3996.506752 98.136379 
3998.435568 98.125876 
4000.364384 98.118396 