698.231392 90.243994 
700.160208 90.269981 
702.089024 90.341847 
704.017840 90.473063 
705.946656 90.673349 
707.875472 90.947733 
709.804288 91.296138 
711.733104 91.698429 
713.661920 92.130362 
715.590736 92.549428 
717.519552 92.898850 
719.448368 93.124992 
721.377184 93.180868 
723.306000 93.032736 
725.234816 92.669456 
727.163632 92.103083 
729.092448 91.374905 
731.021264 90.538355 
732.950080 89.649280 
734.878896 88.767102 
736.807712 87.947252 
738.736528 87.235163 
740.665344 86.670663 
742.594160 86.288460 
744.522976 86.108453 
746.451792 86.137111 
748.380608 86.364865 
750.309424 86.757886 
752.238240 87.263234 
754.167056 87.819360 
756.095872 88.363617 
758.024688 88.841036 
759.953504 89.214357 
761.882320 89.470580 
763.811136 89.622361 
765.739952 89.697317 
767.668768 89.724372 
769.597584 89.732776 
771.526400 89.744769 
773.455216 89.775210 
775.384032 89.837669 
777.312848 89.942093 
779.241664 90.089656 
781.170480 90.276681 
783.099296 90.494482 
785.028112 90.724666 
786.956928 90.945877 
788.885744 91.141839 
790.814560 91.305010 
792.743376 91.435608 
794.672192 91.534292 
796.601008 91.607010 
798.529824 91.662387 
800.458640 91.705388 
802.387456 91.736456 
804.316272 91.757154 
806.245088 91.767904 
808.173904 91.769650 
810.102720 91.767862 
812.031536 91.764240 
813.960352 91.758452 
815.889168 91.752791 
817.817984 91.753270 
819.746800 91.761069 
821.675616 91.776699 
823.604432 91.804767 
825.533248 91.846195 
827.462064 91.892511 
829.390880 91.928345 
831.319696 91.944691 
833.248512 91.936609 
835.177328 91.900671 
837.106144 91.839388 
839.034960 91.755335 
840.963776 91.655374 
842.892592 91.551267 
844.821408 91.453450 
846.750224 91.363135 
848.679040 91.279267 
850.607856 91.203656 
852.536672 91.136346 
854.465488 91.077360 
856.394304 91.028792 
858.323120 90.990406 
860.251936 90.960287 
862.180752 90.936765 
864.109568 90.921189 
866.038384 90.914645 
867.967200 90.916321 
869.896016 90.926724 
871.824832 90.950880 
873.753648 90.990663 
875.682464 91.051893 
877.611280 91.137790 
879.540096 91.243818 
881.468912 91.364320 
883.397728 91.495354 
885.326544 91.633912 
887.255360 91.778334 
889.184176 91.928136 
891.112992 92.079828 
893.041808 92.228310 
894.970624 92.372176 
896.899440 92.506330 
898.828256 92.621623 
900.757072 92.707418 
902.685888 92.757097 
904.614704 92.768228 
906.543520 92.742544 
908.472336 92.684155 
910.401152 92.597144 
912.329968 92.486523 
914.258784 92.362678 
916.187600 92.234972 
918.116416 92.107263 
920.045232 91.982237 
921.974048 91.866388 
923.902864 91.761470 
925.831680 91.668897 
927.760496 91.592003 
929.689312 91.530256 
931.618128 91.480195 
933.546944 91.442061 
935.475760 91.413789 
937.404576 91.391378 
939.333392 91.372990 
941.262208 91.358897 
943.191024 91.348222 
945.119840 91.338714 
947.048656 91.330874 
948.977472 91.324428 
950.906288 91.310842 
952.835104 91.279757 
954.763920 91.221217 
956.692736 91.127174 
958.621552 90.992378 
960.550368 90.816509 
962.479184 90.603091 
964.408000 90.361691 
966.336816 90.108500 
968.265632 89.861471 
970.194448 89.633553 
972.123264 89.438862 
974.052080 89.294299 
975.980896 89.213385 
977.909712 89.202603 
979.838528 89.262137 
981.767344 89.388515 
983.696160 89.573520 
985.624976 89.799792 
987.553792 90.047316 
989.482608 90.296622 
991.411424 90.531451 
993.340240 90.741414 
995.269056 90.916015 
997.197872 91.047009 
999.126688 91.131690 
1001.055504 91.168592 
1002.984320 91.155380 
1004.913136 91.091731 
1006.841952 90.983286 
1008.770768 90.835498 
1010.699584 90.649790 
1012.628400 90.428599 
1014.557216 90.175048 
1016.486032 89.894018 
1018.414848 89.586019 
1020.343664 89.246937 
1022.272480 88.878558 
1024.201296 88.489590 
1026.130112 88.094624 
1028.058928 87.709846 
1029.987744 87.350004 
1031.916560 87.033621 
1033.845376 86.779629 
1035.774192 86.603836 
1037.703008 86.514414 
1039.631824 86.514271 
1041.560640 86.603934 
1043.489456 86.774078 
1045.418272 87.006103 
1047.347088 87.273008 
1049.275904 87.538060 
1051.204720 87.763151 
1053.133536 87.908283 
1055.062352 87.943550 
1056.991168 87.858639 
1058.919984 87.661361 
1060.848800 87.376981 
1062.777616 87.040435 
1064.706432 86.694850 
1066.635248 86.388526 
1068.564064 86.164183 
1070.492880 86.051292 
1072.421696 86.062869 
1074.350512 86.202425 
1076.279328 86.465312 
1078.208144 86.832429 
1080.136960 87.271332 
1082.065776 87.742477 
1083.994592 88.206711 
1085.923408 88.630284 
1087.852224 88.982788 
1089.781040 89.239450 
1091.709856 89.382998 
1093.638672 89.403049 
1095.567488 89.297876 
1097.496304 89.071977 
1099.425120 88.734644 
1101.353936 88.302699 
1103.282752 87.797018 
1105.211568 87.240819 
1107.140384 86.659225 
1109.069200 86.081461 
1110.998016 85.535147 
1112.926832 85.041081 
1114.855648 84.615132 
1116.784464 84.273770 
1118.713280 84.029669 
1120.642096 83.888061 
1122.570912 83.847669 
1124.499728 83.896014 
1126.428544 84.013880 
1128.357360 84.184059 
1130.286176 84.393047 
1132.214992 84.628665 
1134.143808 84.878807 
1136.072624 85.137423 
1138.001440 85.399946 
1139.930256 85.660558 
1141.859072 85.914089 
1143.787888 86.153454 
1145.716704 86.371297 
1147.645520 86.565048 
1149.574336 86.737722 
1151.503152 86.896288 
1153.431968 87.046469 
1155.360784 87.193238 
1157.289600 87.342864 
1159.218416 87.498099 
1161.147232 87.662153 
1163.076048 87.840093 
1165.004864 88.035281 
1166.933680 88.248974 
1168.862496 88.477025 
1170.791312 88.713509 
1172.720128 88.951419 
1174.648944 89.183494 
1176.577760 89.405417 
1178.506576 89.612809 
1180.435392 89.806168 
1182.364208 89.986808 
1184.293024 90.155110 
1186.221840 90.310606 
1188.150656 90.450582 
1190.079472 90.572962 
1192.008288 90.676136 
1193.937104 90.755874 
1195.865920 90.808128 
1197.794736 90.829662 
1199.723552 90.818757 
1201.652368 90.773472 
1203.581184 90.692495 
1205.510000 90.578248 
1207.438816 90.437344 
1209.367632 90.277376 
1211.296448 90.106823 
1213.225264 89.933012 
1215.154080 89.761377 
1217.082896 89.592839 
1219.011712 89.426162 
1220.940528 89.258363 
1222.869344 89.084649 
1224.798160 88.899181 
1226.726976 88.695034 
1228.655792 88.464015 
1230.584608 88.199564 
1232.513424 87.895202 
1234.442240 87.542287 
1236.371056 87.132524 
1238.299872 86.662947 
1240.228688 86.136365 
1242.157504 85.563705 
1244.086320 84.962124 
1246.015136 84.353457 
1247.943952 83.761551 
1249.872768 83.209098 
1251.801584 82.712800 
1253.730400 82.282426 
1255.659216 81.922150 
1257.588032 81.631768 
1259.516848 81.407496 
1261.445664 81.245306 
1263.374480 81.139314 
1265.303296 81.081618 
1267.232112 81.062515 
1269.160928 81.070741 
1271.089744 81.094368 
1273.018560 81.126202 
1274.947376 81.164919 
1276.876192 81.214948 
1278.805008 81.284301 
1280.733824 81.383946 
1282.662640 81.525035 
1284.591456 81.717904 
1286.520272 81.968294 
1288.449088 82.277894 
1290.377904 82.645329 
1292.306720 83.071039 
1294.235536 83.556036 
1296.164352 84.095586 
1298.093168 84.683822 
1300.021984 85.314913 
1301.950800 85.983636 
1303.879616 86.684923 
1305.808432 87.409359 
1307.737248 88.148336 
1309.666064 88.893934 
1311.594880 89.636013 
1313.523696 90.360780 
1315.452512 91.049213 
1317.381328 91.686065 
1319.310144 92.258693 
1321.238960 92.754659 
1323.167776 93.169033 
1325.096592 93.499628 
1327.025408 93.752732 
1328.954224 93.937206 
1330.883040 94.058709 
1332.811856 94.130708 
1334.740672 94.164353 
1336.669488 94.170752 
1338.598304 94.158190 
1340.527120 94.130004 
1342.455936 94.090960 
1344.384752 94.044231 
1346.313568 93.987417 
1348.242384 93.912126 
1350.171200 93.810343 
1352.100016 93.685006 
1354.028832 93.535896 
1355.957648 93.364624 
1357.886464 93.178499 
1359.815280 92.987633 
1361.744096 92.806296 
1363.672912 92.648721 
1365.601728 92.522744 
1367.530544 92.434486 
1369.459360 92.385591 
1371.388176 92.379002 
1373.316992 92.412716 
1375.245808 92.482008 
1377.174624 92.583577 
1379.103440 92.713425 
1381.032256 92.865109 
1382.961072 93.027028 
1384.889888 93.193870 
1386.818704 93.362577 
1388.747520 93.525540 
1390.676336 93.676999 
1392.605152 93.814252 
1394.533968 93.938337 
1396.462784 94.049862 
1398.391600 94.150030 
1400.320416 94.236693 
1402.249232 94.307285 
1404.178048 94.365311 
1406.106864 94.413312 
1408.035680 94.450512 
1409.964496 94.475592 
1411.893312 94.489659 
1413.822128 94.493192 
1415.750944 94.483935 
1417.679760 94.459589 
1419.608576 94.422748 
1421.537392 94.370950 
1423.466208 94.300716 
1425.395024 94.210128 
1427.323840 94.098905 
1429.252656 93.967880 
1431.181472 93.819019 
1433.110288 93.655459 
1435.039104 93.482081 
1436.967920 93.307393 
1438.896736 93.144663 
1440.825552 93.001019 
1442.754368 92.884357 
1444.683184 92.802932 
1446.612000 92.763144 
1448.540816 92.768695 
1450.469632 92.820779 
1452.398448 92.919012 
1454.327264 93.057968 
1456.256080 93.228185 
1458.184896 93.418087 
1460.113712 93.618613 
1462.042528 93.819044 
1463.971344 94.009164 
1465.900160 94.180474 
1467.828976 94.330245 
1469.757792 94.457121 
1471.686608 94.561565 
1473.615424 94.642593 
1475.544240 94.696464 
1477.473056 94.727226 
1479.401872 94.741368 
1481.330688 94.742547 
1483.259504 94.734522 
1485.188320 94.721725 
1487.117136 94.710368 
1489.045952 94.703360 
1490.974768 94.703094 
1492.903584 94.708786 
1494.832400 94.720383 
1496.761216 94.740726 
1498.690032 94.769818 
1500.618848 94.808927 
1502.547664 94.860118 
1504.476480 94.921055 
1506.405296 94.989942 
1508.334112 95.064143 
1510.262928 95.142131 
1512.191744 95.224380 
1514.120560 95.310053 
1516.049376 95.397530 
1517.978192 95.487345 
1519.907008 95.583808 
1521.835824 95.681834 
1523.764640 95.777847 
1525.693456 95.873144 
1527.622272 95.967807 
1529.551088 96.063502 
1531.479904 96.162110 
1533.408720 96.260544 
1535.337536 96.358783 
1537.266352 96.456281 
1539.195168 96.547408 
1541.123984 96.623457 
1543.052800 96.685145 
1544.981616 96.733985 
1546.910432 96.767970 
1548.839248 96.787293 
1550.768064 96.791437 
1552.696880 96.777010 
1554.625696 96.749522 
1556.554512 96.705426 
1558.483328 96.643541 
1560.412144 96.564806 
1562.340960 96.466958 
1564.269776 96.350093 
1566.198592 96.215483 
1568.127408 96.069689 
1570.056224 95.918068 
1571.985040 95.769871 
1573.913856 95.639054 
1575.842672 95.531701 
1577.771488 95.451309 
1579.700304 95.390188 
1581.629120 95.339320 
1583.557936 95.295726 
1585.486752 95.255397 
1587.415568 95.222809 
1589.344384 95.210055 
1591.273200 95.223683 
1593.202016 95.265989 
1595.130832 95.338904 
1597.059648 95.440990 
1598.988464 95.572190 
1600.917280 95.733592 
1602.846096 95.928351 
1604.774912 96.148569 
1606.703728 96.401800 
1608.632544 96.688873 
1610.561360 96.991145 
1612.490176 97.287584 
1614.418992 97.559160 
1616.347808 97.796946 
1618.276624 97.995836 
1620.205440 98.151742 
1622.134256 98.268360 
1624.063072 98.345404 
1625.991888 98.393392 
1627.920704 98.414894 
1629.849520 98.409187 
1631.778336 98.377379 
1633.707152 98.317537 
1635.635968 98.235412 
1637.564784 98.135328 
1639.493600 98.017859 
1641.422416 97.896217 
1643.351232 97.774607 
1645.280048 97.655509 
1647.208864 97.540093 
1649.137680 97.427034 
1651.066496 97.315152 
1652.995312 97.195745 
1654.924128 97.065390 
1656.852944 96.918435 
1658.781760 96.749785 
1660.710576 96.563641 
1662.639392 96.356999 
1664.568208 96.127418 
1666.497024 95.872300 
1668.425840 95.591992 
1670.354656 95.293003 
1672.283472 94.976216 
1674.212288 94.642675 
1676.141104 94.295107 
1678.069920 93.933304 
1679.998736 93.553909 
1681.927552 93.149515 
1683.856368 92.713726 
1685.785184 92.246546 
1687.714000 91.752647 
1689.642816 91.223880 
1691.571632 90.640865 
1693.500448 89.987495 
1695.429264 89.269205 
1697.358080 88.485726 
1699.286896 87.638468 
1701.215712 86.739898 
1703.144528 85.815105 
1705.073344 84.893679 
1707.002160 84.005372 
1708.930976 83.166958 
1710.859792 82.399608 
1712.788608 81.729672 
1714.717424 81.193903 
1716.646240 80.814104 
1718.575056 80.609972 
1720.503872 80.596813 
1722.432688 80.771807 
1724.361504 81.107012 
1726.290320 81.580008 
1728.219136 82.165034 
1730.147952 82.846960 
1732.076768 83.600830 
1734.005584 84.404973 
1735.934400 85.245476 
1737.863216 86.109453 
1739.792032 86.977234 
1741.720848 87.828076 
1743.649664 88.637613 
1745.578480 89.397871 
1747.507296 90.101893 
1749.436112 90.750008 
1751.364928 91.334354 
1753.293744 91.852836 
1755.222560 92.306724 
1757.151376 92.694639 
1759.080192 93.014408 
1761.009008 93.272981 
1762.937824 93.472218 
1764.866640 93.624332 
1766.795456 93.743129 
1768.724272 93.837040 
1770.653088 93.915131 
1772.581904 93.983971 
1774.510720 94.047183 
1776.439536 94.109594 
1778.368352 94.169988 
1780.297168 94.225939 
1782.225984 94.273100 
1784.154800 94.316489 
1786.083616 94.359470 
1788.012432 94.401209 
1789.941248 94.441439 
1791.870064 94.479375 
1793.798880 94.514733 
1795.727696 94.550260 
1797.656512 94.584326 
1799.585328 94.616388 
1801.514144 94.646176 
1803.442960 94.673656 
1805.371776 94.698728 
1807.300592 94.721143 
1809.229408 94.739240 
1811.158224 94.753020 
1813.087040 94.762438 
1815.015856 94.768060 
1816.944672 94.769998 
1818.873488 94.769099 
1820.802304 94.766455 
1822.731120 94.763330 
1824.659936 94.760678 
1826.588752 94.759279 
1828.517568 94.759316 
1830.446384 94.761110 
1832.375200 94.764697 
1834.304016 94.770125 
1836.232832 94.777383 
1838.161648 94.786352 
1840.090464 94.796632 
1842.019280 94.807556 
1843.948096 94.818087 
1845.876912 94.827541 
1847.805728 94.835424 
1849.734544 94.841535 
1851.663360 94.845825 
1853.592176 94.848629 
1855.520992 94.850483 
1857.449808 94.851925 
1859.378624 94.853272 
1861.307440 94.853863 
1863.236256 94.854424 
1865.165072 94.855276 
1867.093888 94.856375 
1869.022704 94.857552 
1870.951520 94.858757 
1872.880336 94.859905 
1874.809152 94.860534 
1876.737968 94.860487 
1878.666784 94.859499 
1880.595600 94.857172 
1882.524416 94.854708 
1884.453232 94.852161 
1886.382048 94.849678 
1888.310864 94.847412 
1890.239680 94.845446 
1892.168496 94.843818 
1894.097312 94.842332 
1896.026128 94.841132 
1897.954944 94.840152 
1899.883760 94.839388 
1901.812576 94.838779 
1903.741392 94.837773 
1905.670208 94.836275 
1907.599024 94.833960 
1909.527840 94.830533 
1911.456656 94.826335 
1913.385472 94.821519 
1915.314288 94.816348 
1917.243104 94.811105 
1919.171920 94.806057 
1921.100736 94.801410 
1923.029552 94.797178 
1924.958368 94.792969 
1926.887184 94.788976 
1928.816000 94.785303 
1930.744816 94.782171 
1932.673632 94.780251 
1934.602448 94.779516 
1936.531264 94.779889 
1938.460080 94.781195 
1940.388896 94.783595 
1942.317712 94.786806 
1944.246528 94.790149 
1946.175344 94.794272 
1948.104160 94.798710 
1950.032976 94.803459 
1951.961792 94.809229 
1953.890608 94.815436 
1955.819424 94.822253 
1957.748240 94.829772 
1959.677056 94.837680 
1961.605872 94.846182 
1963.534688 94.855065 
1965.463504 94.864345 
1967.392320 94.873800 
1969.321136 94.882926 
1971.249952 94.891219 
1973.178768 94.898554 
1975.107584 94.905194 
1977.036400 94.911109 
1978.965216 94.915829 
1980.894032 94.920595 
1982.822848 94.925001 
1984.751664 94.929217 
1986.680480 94.934139 
1988.609296 94.940192 
1990.538112 94.947562 
1992.466928 94.956349 
1994.395744 94.966299 
1996.324560 94.978249 
1998.253376 94.992021 
2000.182192 95.006688 
2002.111008 95.020445 
2004.039824 95.032764 
2005.968640 95.043285 
2007.897456 95.052675 
2009.826272 95.061058 
2011.755088 95.067950 
2013.683904 95.073122 
2015.612720 95.078103 
2017.541536 95.082588 
2019.470352 95.085592 
2021.399168 95.087635 
2023.327984 95.089526 
2025.256800 95.090846 
2027.185616 95.093420 
2029.114432 95.098705 
2031.043248 95.106343 
2032.972064 95.114664 
2034.900880 95.123132 
2036.829696 95.131544 
2038.758512 95.139507 
2040.687328 95.146463 
2042.616144 95.152224 
2044.544960 95.156210 
2046.473776 95.158341 
2048.402592 95.158654 
2050.331408 95.156817 
2052.260224 95.151980 
2054.189040 95.144113 
2056.117856 95.134661 
2058.046672 95.124845 
2059.975488 95.115671 
2061.904304 95.109349 
2063.833120 95.106294 
2065.761936 95.105246 
2067.690752 95.105995 
2069.619568 95.109326 
2071.548384 95.115071 
2073.477200 95.121286 
2075.406016 95.126629 
2077.334832 95.130687 
2079.263648 95.133761 
2081.192464 95.136155 
2083.121280 95.137416 
2085.050096 95.137686 
2086.978912 95.137926 
2088.907728 95.139507 
2090.836544 95.142479 
2092.765360 95.146210 
2094.694176 95.150462 
2096.622992 95.154144 
2098.551808 95.155668 
2100.480624 95.154482 
2102.409440 95.151267 
2104.338256 95.147697 
2106.267072 95.144111 
2108.195888 95.140345 
2110.124704 95.136880 
2112.053520 95.134875 
2113.982336 95.135463 
2115.911152 95.138448 
2117.839968 95.143272 
2119.768784 95.150128 
2121.697600 95.158514 
2123.626416 95.167713 
2125.555232 95.175975 
2127.484048 95.182800 
2129.412864 95.187094 
2131.341680 95.187376 
2133.270496 95.184704 
2135.199312 95.180825 
2137.128128 95.176878 
2139.056944 95.173674 
2140.985760 95.171224 
2142.914576 95.170604 
2144.843392 95.172867 
2146.772208 95.178443 
2148.701024 95.186985 
2150.629840 95.198241 
2152.558656 95.211141 
2154.487472 95.223840 
2156.416288 95.234912 
2158.345104 95.243434 
2160.273920 95.248841 
2162.202736 95.251933 
2164.131552 95.252756 
2166.060368 95.252363 
2167.989184 95.252541 
2169.918000 95.253704 
2171.846816 95.254562 
2173.775632 95.254576 
2175.704448 95.253977 
2177.633264 95.253602 
2179.562080 95.254232 
2181.490896 95.256213 
2183.419712 95.260598 
2185.348528 95.267873 
2187.277344 95.276193 
2189.206160 95.284211 
2191.134976 95.290970 
2193.063792 95.296004 
2194.992608 95.299749 
2196.921424 95.303204 
2198.850240 95.306499 
2200.779056 95.310169 
2202.707872 95.315229 
2204.636688 95.320175 
2206.565504 95.322726 
2208.494320 95.322623 
2210.423136 95.320022 
2212.351952 95.316127 
2214.280768 95.311685 
2216.209584 95.307059 
2218.138400 95.303652 
2220.067216 95.301993 
2221.996032 95.300988 
2223.924848 95.299500 
2225.853664 95.297176 
2227.782480 95.295176 
2229.711296 95.294239 
2231.640112 95.294507 
2233.568928 95.295477 
2235.497744 95.297590 
2237.426560 95.301518 
2239.355376 95.305246 
2241.284192 95.307680 
2243.213008 95.309272 
2245.141824 95.310426 
2247.070640 95.311693 
2248.999456 95.312333 
2250.928272 95.311989 
2252.857088 95.311077 
2254.785904 95.309288 
2256.714720 95.305629 
2258.643536 95.299774 
2260.572352 95.292963 
2262.501168 95.286160 
2264.429984 95.279751 
2266.358800 95.274059 
2268.287616 95.268722 
2270.216432 95.263917 
2272.145248 95.259518 
2274.074064 95.254655 
2276.002880 95.249170 
2277.931696 95.243463 
2279.860512 95.237477 
2281.789328 95.230907 
2283.718144 95.223400 
2285.646960 95.214366 
2287.575776 95.203240 
2289.504592 95.189754 
2291.433408 95.173796 
2293.362224 95.155432 
2295.291040 95.134791 
2297.219856 95.111912 
2299.148672 95.086992 
2301.077488 95.060583 
2303.006304 95.033367 
2304.935120 95.006038 
2306.863936 94.979282 
2308.792752 94.954156 
2310.721568 94.932036 
2312.650384 94.914281 
2314.579200 94.902073 
2316.508016 94.896314 
2318.436832 94.897274 
2320.365648 94.904669 
2322.294464 94.917784 
2324.223280 94.935413 
2326.152096 94.955864 
2328.080912 94.977468 
2330.009728 94.998954 
2331.938544 95.019580 
2333.867360 95.039012 
2335.796176 95.057064 
2337.724992 95.073514 
2339.653808 95.087942 
2341.582624 95.099940 
2343.511440 95.109717 
2345.440256 95.117998 
2347.369072 95.125777 
2349.297888 95.134134 
2351.226704 95.143908 
2353.155520 95.155396 
2355.084336 95.168362 
2357.013152 95.181947 
2358.941968 95.194830 
2360.870784 95.205829 
2362.799600 95.214267 
2364.728416 95.220077 
2366.657232 95.223658 
2368.586048 95.225421 
2370.514864 95.225696 
2372.443680 95.224778 
2374.372496 95.222817 
2376.301312 95.219806 
2378.230128 95.216029 
2380.158944 95.212496 
2382.087760 95.210418 
2384.016576 95.210234 
2385.945392 95.211498 
2387.874208 95.214236 
2389.803024 95.218259 
2391.731840 95.222580 
2393.660656 95.226463 
2395.589472 95.229153 
2397.518288 95.230042 
2399.447104 95.229799 
2401.375920 95.229517 
2403.304736 95.229050 
2405.233552 95.227635 
2407.162368 95.225761 
2409.091184 95.224004 
2411.020000 95.222108 
2412.948816 95.220883 
2414.877632 95.221618 
2416.806448 95.224522 
2418.735264 95.228988 
2420.664080 95.234080 
2422.592896 95.239263 
2424.521712 95.243718 
2426.450528 95.245793 
2428.379344 95.244429 
2430.308160 95.239493 
2432.236976 95.232161 
2434.165792 95.224462 
2436.094608 95.217236 
2438.023424 95.210482 
2439.952240 95.204288 
2441.881056 95.199358 
2443.809872 95.195334 
2445.738688 95.191013 
2447.667504 95.187346 
2449.596320 95.185112 
2451.525136 95.184449 
2453.453952 95.185823 
2455.382768 95.188850 
2457.311584 95.192965 
2459.240400 95.197002 
2461.169216 95.198538 
2463.098032 95.196478 
2465.026848 95.192404 
2466.955664 95.188227 
2468.884480 95.184374 
2470.813296 95.181458 
2472.742112 95.179447 
2474.670928 95.177274 
2476.599744 95.174369 
2478.528560 95.170618 
2480.457376 95.165872 
2482.386192 95.161104 
2484.315008 95.157612 
2486.243824 95.156358 
2488.172640 95.157542 
2490.101456 95.160488 
2492.030272 95.163710 
2493.959088 95.165506 
2495.887904 95.165678 
2497.816720 95.164616 
2499.745536 95.162991 
2501.674352 95.161122 
2503.603168 95.158919 
2505.531984 95.156434 
2507.460800 95.153015 
2509.389616 95.149057 
2511.318432 95.145449 
2513.247248 95.142622 
2515.176064 95.141273 
2517.104880 95.141461 
2519.033696 95.143628 
2520.962512 95.147548 
2522.891328 95.152792 
2524.820144 95.157778 
2526.748960 95.161091 
2528.677776 95.163025 
2530.606592 95.164237 
2532.535408 95.163207 
2534.464224 95.159483 
2536.393040 95.154382 
2538.321856 95.148532 
2540.250672 95.141978 
2542.179488 95.135867 
2544.108304 95.130735 
2546.037120 95.126887 
2547.965936 95.125717 
2549.894752 95.128643 
2551.823568 95.134132 
2553.752384 95.141935 
2555.681200 95.151892 
2557.610016 95.162663 
2559.538832 95.172123 
2561.467648 95.178956 
2563.396464 95.183435 
2565.325280 95.186135 
2567.254096 95.187405 
2569.182912 95.188862 
2571.111728 95.190309 
2573.040544 95.191308 
2574.969360 95.191984 
2576.898176 95.192584 
2578.826992 95.193027 
2580.755808 95.193734 
2582.684624 95.195746 
2584.613440 95.199351 
2586.542256 95.203708 
2588.471072 95.208636 
2590.399888 95.212646 
2592.328704 95.214342 
2594.257520 95.214350 
2596.186336 95.213923 
2598.115152 95.214512 
2600.043968 95.216426 
2601.972784 95.219977 
2603.901600 95.224391 
2605.830416 95.227206 
2607.759232 95.227906 
2609.688048 95.227286 
2611.616864 95.225648 
2613.545680 95.224233 
2615.474496 95.224689 
2617.403312 95.227947 
2619.332128 95.233869 
2621.260944 95.241831 
2623.189760 95.249523 
2625.118576 95.255674 
2627.047392 95.260948 
2628.976208 95.266712 
2630.905024 95.273270 
2632.833840 95.278966 
2634.762656 95.284345 
2636.691472 95.290273 
2638.620288 95.294769 
2640.549104 95.297714 
2642.477920 95.300170 
2644.406736 95.303851 
2646.335552 95.309235 
2648.264368 95.317869 
2650.193184 95.329915 
2652.122000 95.342627 
2654.050816 95.356149 
2655.979632 95.369822 
2657.908448 95.380213 
2659.837264 95.388478 
2661.766080 95.396183 
2663.694896 95.404255 
2665.623712 95.412954 
2667.552528 95.422384 
2669.481344 95.432840 
2671.410160 95.442884 
2673.338976 95.452127 
2675.267792 95.461278 
2677.196608 95.469542 
2679.125424 95.477252 
2681.054240 95.484416 
2682.983056 95.490607 
2684.911872 95.494415 
2686.840688 95.495030 
2688.769504 95.493029 
2690.698320 95.487870 
2692.627136 95.480590 
2694.555952 95.475460 
2696.484768 95.474309 
2698.413584 95.477598 
2700.342400 95.484763 
2702.271216 95.494307 
2704.200032 95.504727 
2706.128848 95.515085 
2708.057664 95.524453 
2709.986480 95.532513 
2711.915296 95.539768 
2713.844112 95.547535 
2715.772928 95.555562 
2717.701744 95.562855 
2719.630560 95.568383 
2721.559376 95.570687 
2723.488192 95.569439 
2725.417008 95.566257 
2727.345824 95.562334 
2729.274640 95.558256 
2731.203456 95.554296 
2733.132272 95.550495 
2735.061088 95.546404 
2736.989904 95.541620 
2738.918720 95.535690 
2740.847536 95.528202 
2742.776352 95.521022 
2744.705168 95.516313 
2746.633984 95.513371 
2748.562800 95.512533 
2750.491616 95.514385 
2752.420432 95.518278 
2754.349248 95.523430 
2756.278064 95.529708 
2758.206880 95.537429 
2760.135696 95.546259 
2762.064512 95.555857 
2763.993328 95.565157 
2765.922144 95.573607 
2767.850960 95.582076 
2769.779776 95.590294 
2771.708592 95.597879 
2773.637408 95.604199 
2775.566224 95.609783 
2777.495040 95.615542 
2779.423856 95.619152 
2781.352672 95.620091 
2783.281488 95.619503 
2785.210304 95.617573 
2787.139120 95.615215 
2789.067936 95.613880 
2790.996752 95.614559 
2792.925568 95.616495 
2794.854384 95.619452 
2796.783200 95.624355 
2798.712016 95.630478 
2800.640832 95.638177 
2802.569648 95.647876 
2804.498464 95.659595 
2806.427280 95.674336 
2808.356096 95.691193 
2810.284912 95.708806 
2812.213728 95.725852 
2814.142544 95.740355 
2816.071360 95.751926 
2818.000176 95.759338 
2819.928992 95.762563 
2821.857808 95.763893 
2823.786624 95.765151 
2825.715440 95.769341 
2827.644256 95.782079 
2829.573072 95.812705 
2831.501888 95.873502 
2833.430704 95.975251 
2835.359520 96.125228 
2837.288336 96.325066 
2839.217152 96.569169 
2841.145968 96.843159 
2843.074784 97.124232 
2845.003600 97.387833 
2846.932416 97.611783 
2848.861232 97.777298 
2850.790048 97.873409 
2852.718864 97.895750 
2854.647680 97.844918 
2856.576496 97.726786 
2858.505312 97.551175 
2860.434128 97.332402 
2862.362944 97.088775 
2864.291760 96.839220 
2866.220576 96.603285 
2868.149392 96.397537 
2870.078208 96.233973 
2872.007024 96.116349 
2873.935840 96.040257 
2875.864656 95.996902 
2877.793472 95.977227 
2879.722288 95.975595 
2881.651104 95.988985 
2883.579920 96.015411 
2885.508736 96.056987 
2887.437552 96.115593 
2889.366368 96.190876 
2891.295184 96.280704 
2893.224000 96.382713 
2895.152816 96.494516 
2897.081632 96.616275 
2899.010448 96.751790 
2900.939264 96.908960 
2902.868080 97.096024 
2904.796896 97.318629 
2906.725712 97.576584 
2908.654528 97.864445 
2910.583344 98.172742 
2912.512160 98.489204 
2914.440976 98.797094 
2916.369792 99.076195 
2918.298608 99.308901 
2920.227424 99.481988 
2922.156240 99.583539 
2924.085056 99.604296 
2926.013872 99.540489 
2927.942688 99.395606 
2929.871504 99.179233 
2931.800320 98.908765 
2933.729136 98.606130 
2935.657952 98.293382 
2937.586768 97.991852 
2939.515584 97.718021 
2941.444400 97.483293 
2943.373216 97.293345 
2945.302032 97.149113 
2947.230848 97.046707 
2949.159664 96.977446 
2951.088480 96.931979 
2953.017296 96.903468 
2954.946112 96.884391 
2956.874928 96.866352 
2958.803744 96.842862 
2960.732560 96.811160 
2962.661376 96.771229 
2964.590192 96.722803 
2966.519008 96.666863 
2968.447824 96.606543 
2970.376640 96.546144 
2972.305456 96.492496 
2974.234272 96.449242 
2976.163088 96.416966 
2978.091904 96.396622 
2980.020720 96.387808 
2981.949536 96.387092 
2983.878352 96.389174 
2985.807168 96.389766 
2987.735984 96.387719 
2989.664800 96.383371 
2991.593616 96.377745 
2993.522432 96.371929 
2995.451248 96.367983 
2997.380064 96.370065 
2999.308880 96.378801 
3001.237696 96.393219 
3003.166512 96.412842 
3005.095328 96.436820 
3007.024144 96.464833 
3008.952960 96.495020 
3010.881776 96.524854 
3012.810592 96.554495 
3014.739408 96.583448 
3016.668224 96.610709 
3018.597040 96.633450 
3020.525856 96.649698 
3022.454672 96.661399 
3024.383488 96.670947 
3026.312304 96.678465 
3028.241120 96.684827 
3030.169936 96.692919 
3032.098752 96.705302 
3034.027568 96.719649 
3035.956384 96.732853 
3037.885200 96.743169 
3039.814016 96.750112 
3041.742832 96.757458 
3043.671648 96.768067 
3045.600464 96.780694 
3047.529280 96.794693 
3049.458096 96.810970 
3051.386912 96.829358 
3053.315728 96.845742 
3055.244544 96.859447 
3057.173360 96.872727 
3059.102176 96.886154 
3061.030992 96.902440 
3062.959808 96.924319 
3064.888624 96.950859 
3066.817440 96.979084 
3068.746256 97.007298 
3070.675072 97.033585 
3072.603888 97.054871 
3074.532704 97.072136 
3076.461520 97.088318 
3078.390336 97.103389 
3080.319152 97.116472 
3082.247968 97.129108 
3084.176784 97.143721 
3086.105600 97.160327 
3088.034416 97.179055 
3089.963232 97.202025 
3091.892048 97.228858 
3093.820864 97.257126 
3095.749680 97.286515 
3097.678496 97.314385 
3099.607312 97.336866 
3101.536128 97.353835 
3103.464944 97.367113 
3105.393760 97.377204 
3107.322576 97.385770 
3109.251392 97.396451 
3111.180208 97.408198 
3113.109024 97.417738 
3115.037840 97.424161 
3116.966656 97.428920 
3118.895472 97.435669 
3120.824288 97.446086 
3122.753104 97.459960 
3124.681920 97.477168 
3126.610736 97.495507 
3128.539552 97.512355 
3130.468368 97.527574 
3132.397184 97.540947 
3134.326000 97.552789 
3136.254816 97.565632 
3138.183632 97.581469 
3140.112448 97.599784 
3142.041264 97.621970 
3143.970080 97.648162 
3145.898896 97.673593 
3147.827712 97.695874 
3149.756528 97.717710 
3151.685344 97.740745 
3153.614160 97.765341 
3155.542976 97.789014 
3157.471792 97.809103 
3159.400608 97.827685 
3161.329424 97.847432 
3163.258240 97.868806 
3165.187056 97.892744 
3167.115872 97.917665 
3169.044688 97.941832 
3170.973504 97.966142 
3172.902320 97.992004 
3174.831136 98.019027 
3176.759952 98.048756 
3178.688768 98.082331 
3180.617584 98.118601 
3182.546400 98.158217 
3184.475216 98.200786 
3186.404032 98.240428 
3188.332848 98.273751 
3190.261664 98.302566 
3192.190480 98.327086 
3194.119296 98.347878 
3196.048112 98.368192 
3197.976928 98.390709 
3199.905744 98.416693 
3201.834560 98.444500 
3203.763376 98.474163 
3205.692192 98.506170 
3207.621008 98.539119 
3209.549824 98.570924 
3211.478640 98.598770 
3213.407456 98.621673 
3215.336272 98.640605 
3217.265088 98.656303 
3219.193904 98.666827 
3221.122720 98.671393 
3223.051536 98.675134 
3224.980352 98.681954 
3226.909168 98.691950 
3228.837984 98.705327 
3230.766800 98.724873 
3232.695616 98.752093 
3234.624432 98.785111 
3236.553248 98.821570 
3238.482064 98.861395 
3240.410880 98.903752 
3242.339696 98.947081 
3244.268512 98.990120 
3246.197328 99.029855 
3248.126144 99.063173 
3250.054960 99.091035 
3251.983776 99.113926 
3253.912592 99.132568 
3255.841408 99.148715 
3257.770224 99.164123 
3259.699040 99.180325 
3261.627856 99.198708 
3263.556672 99.218095 
3265.485488 99.236023 
3267.414304 99.252106 
3269.343120 99.267765 
3271.271936 99.285533 
3273.200752 99.309363 
3275.129568 99.337871 
3277.058384 99.369202 
3278.987200 99.403729 
3280.916016 99.437859 
3282.844832 99.466479 
3284.773648 99.488719 
3286.702464 99.503584 
3288.631280 99.510264 
3290.560096 99.509420 
3292.488912 99.502708 
3294.417728 99.491425 
3296.346544 99.475896 
3298.275360 99.456397 
3300.204176 99.434112 
3302.132992 99.413568 
3304.061808 99.400528 
3305.990624 99.396191 
3307.919440 99.399462 
3309.848256 99.407940 
3311.777072 99.420254 
3313.705888 99.433099 
3315.634704 99.442942 
3317.563520 99.449679 
3319.492336 99.455505 
3321.421152 99.462026 
3323.349968 99.469533 
3325.278784 99.478506 
3327.207600 99.490268 
3329.136416 99.504081 
3331.065232 99.518102 
3332.994048 99.529488 
3334.922864 99.539651 
3336.851680 99.549345 
3338.780496 99.556607 
3340.709312 99.559789 
3342.638128 99.558909 
3344.566944 99.555301 
3346.495760 99.548802 
3348.424576 99.538250 
3350.353392 99.527165 
3352.282208 99.520072 
3354.211024 99.520753 
3356.139840 99.526669 
3358.068656 99.535364 
3359.997472 99.552441 
3361.926288 99.578876 
3363.855104 99.607380 
3365.783920 99.631573 
3367.712736 99.646339 
3369.641552 99.652757 
3371.570368 99.654276 
3373.499184 99.652513 
3375.428000 99.646811 
3377.356816 99.639581 
3379.285632 99.636763 
3381.214448 99.637999 
3383.143264 99.641342 
3385.072080 99.648862 
3387.000896 99.661464 
3388.929712 99.680837 
3390.858528 99.704487 
3392.787344 99.730353 
3394.716160 99.758304 
3396.644976 99.782309 
3398.573792 99.798903 
3400.502608 99.807406 
3402.431424 99.808118 
3404.360240 99.805629 
3406.289056 99.802857 
3408.217872 99.798511 
3410.146688 99.788034 
3412.075504 99.773750 
3414.004320 99.759945 
3415.933136 99.745008 
3417.861952 99.728075 
3419.790768 99.709413 
3421.719584 99.690189 
3423.648400 99.673406 
3425.577216 99.657274 
3427.506032 99.639871 
3429.434848 99.623482 
3431.363664 99.612471 
3433.292480 99.611087 
3435.221296 99.618132 
3437.150112 99.630576 
3439.078928 99.647239 
3441.007744 99.663387 
3442.936560 99.673497 
3444.865376 99.672577 
3446.794192 99.661543 
3448.723008 99.645881 
3450.651824 99.624642 
3452.580640 99.597748 
3454.509456 99.569425 
3456.438272 99.543785 
3458.367088 99.522661 
3460.295904 99.503446 
3462.224720 99.485990 
3464.153536 99.473572 
3466.082352 99.467680 
3468.011168 99.467099 
3469.939984 99.467481 
3471.868800 99.469532 
3473.797616 99.474129 
3475.726432 99.474706 
3477.655248 99.470609 
3479.584064 99.466358 
3481.512880 99.464407 
3483.441696 99.465219 
3485.370512 99.464900 
3487.299328 99.464546 
3489.228144 99.466848 
3491.156960 99.470713 
3493.085776 99.472136 
3495.014592 99.466524 
3496.943408 99.453777 
3498.872224 99.436544 
3500.801040 99.414793 
3502.729856 99.389936 
3504.658672 99.363868 
3506.587488 99.339514 
3508.516304 99.314733 
3510.445120 99.287473 
3512.373936 99.263385 
3514.302752 99.240430 
3516.231568 99.210912 
3518.160384 99.172458 
3520.089200 99.126977 
3522.018016 99.079805 
3523.946832 99.034565 
3525.875648 98.991963 
3527.804464 98.951244 
3529.733280 98.913919 
3531.662096 98.883794 
3533.590912 98.861967 
3535.519728 98.849159 
3537.448544 98.844898 
3539.377360 98.846657 
3541.306176 98.853163 
3543.234992 98.863180 
3545.163808 98.875478 
3547.092624 98.887013 
3549.021440 98.889224 
3550.950256 98.878666 
3552.879072 98.861245 
3554.807888 98.841219 
3556.736704 98.819198 
3558.665520 98.794350 
3560.594336 98.767728 
3562.523152 98.741868 
3564.451968 98.720317 
3566.380784 98.703734 
3568.309600 98.688209 
3570.238416 98.673096 
3572.167232 98.660213 
3574.096048 98.650447 
3576.024864 98.643682 
3577.953680 98.637389 
3579.882496 98.629990 
3581.811312 98.620561 
3583.740128 98.608909 
3585.668944 98.596288 
3587.597760 98.584779 
3589.526576 98.573017 
3591.455392 98.559699 
3593.384208 98.545129 
3595.313024 98.529839 
3597.241840 98.512862 
3599.170656 98.493710 
3601.099472 98.470804 
3603.028288 98.444071 
3604.957104 98.416742 
3606.885920 98.392266 
3608.814736 98.370095 
3610.743552 98.346016 
3612.672368 98.319574 
3614.601184 98.294584 
3616.530000 98.272856 
3618.458816 98.254116 
3620.387632 98.237152 
3622.316448 98.221055 
3624.245264 98.206010 
3626.174080 98.192339 
3628.102896 98.178446 
3630.031712 98.159645 
3631.960528 98.136535 
3633.889344 98.111009 
3635.818160 98.084556 
3637.746976 98.059068 
3639.675792 98.034623 
3641.604608 98.010535 
3643.533424 97.986518 
3645.462240 97.962111 
3647.391056 97.940760 
3649.319872 97.924045 
3651.248688 97.911006 
3653.177504 97.899644 
3655.106320 97.891134 
3657.035136 97.886460 
3658.963952 97.884430 
3660.892768 97.883352 
3662.821584 97.881466 
3664.750400 97.878052 
3666.679216 97.876955 
3668.608032 97.878095 
3670.536848 97.881079 
3672.465664 97.882984 
3674.394480 97.882875 
3676.323296 97.882129 
3678.252112 97.881992 
3680.180928 97.882924 
3682.109744 97.884670 
3684.038560 97.886461 
3685.967376 97.887948 
3687.896192 97.888745 
3689.825008 97.889174 
3691.753824 97.888508 
3693.682640 97.885014 
3695.611456 97.878973 
3697.540272 97.870670 
3699.469088 97.860260 
3701.397904 97.847894 
3703.326720 97.832863 
3705.255536 97.814078 
3707.184352 97.790920 
3709.113168 97.766927 
3711.041984 97.745921 
3712.970800 97.726934 
3714.899616 97.710109 
3716.828432 97.695708 
3718.757248 97.684226 
3720.686064 97.676748 
3722.614880 97.673603 
3724.543696 97.673718 
3726.472512 97.676746 
3728.401328 97.681956 
3730.330144 97.688689 
3732.258960 97.696125 
3734.187776 97.703951 
3736.116592 97.713064 
3738.045408 97.720444 
3739.974224 97.727592 
3741.903040 97.736228 
3743.831856 97.747543 
3745.760672 97.761163 
3747.689488 97.774504 
3749.618304 97.787224 
3751.547120 97.798926 
3753.475936 97.809789 
3755.404752 97.820023 
3757.333568 97.826338 
3759.262384 97.829323 
3761.191200 97.828723 
3763.120016 97.824090 
3765.048832 97.816051 
3766.977648 97.805154 
3768.906464 97.791177 
3770.835280 97.775127 
3772.764096 97.756344 
3774.692912 97.739080 
3776.621728 97.724586 
3778.550544 97.713190 
3780.479360 97.704938 
3782.408176 97.699546 
3784.336992 97.696969 
3786.265808 97.696631 
3788.194624 97.697663 
3790.123440 97.699063 
3792.052256 97.699153 
3793.981072 97.700788 
3795.909888 97.703138 
3797.838704 97.705726 
3799.767520 97.708816 
3801.696336 97.711097 
3803.625152 97.711346 
3805.553968 97.710159 
3807.482784 97.708484 
3809.411600 97.707671 
3811.340416 97.709159 
3813.269232 97.713957 
3815.198048 97.722057 
3817.126864 97.733070 
3819.055680 97.746613 
3820.984496 97.767312 
3822.913312 97.791007 
3824.842128 97.814774 
3826.770944 97.837318 
3828.699760 97.858233 
3830.628576 97.876278 
3832.557392 97.888777 
3834.486208 97.893379 
3836.415024 97.889780 
3838.343840 97.880489 
3840.272656 97.872661 
3842.201472 97.863147 
3844.130288 97.853287 
3846.059104 97.845173 
3847.987920 97.840965 
3849.916736 97.841879 
3851.845552 97.846756 
3853.774368 97.856384 
3855.703184 97.873852 
3857.632000 97.893312 
3859.560816 97.914764 
3861.489632 97.936990 
3863.418448 97.957531 
3865.347264 97.974112 
3867.276080 97.984970 
3869.204896 97.990471 
3871.133712 97.991414 
3873.062528 97.990875 
3874.991344 97.990628 
3876.920160 97.985312 
3878.848976 97.978352 
3880.777792 97.970309 
3882.706608 97.960533 
3884.635424 97.950213 
3886.564240 97.938257 
3888.493056 97.926594 
3890.421872 97.916620 
3892.350688 97.909169 
3894.279504 97.903638 
3896.208320 97.898757 
3898.137136 97.893963 
3900.065952 97.889499 
3901.994768 97.885644 
3903.923584 97.884071 
3905.852400 97.883915 
3907.781216 97.886706 
3909.710032 97.893706 
3911.638848 97.903361 
3913.567664 97.915142 
3915.496480 97.928157 
3917.425296 97.941982 
3919.354112 97.957527 
3921.282928 97.973016 
3923.211744 97.987558 
3925.140560 98.000422 
3927.069376 98.011225 
3928.998192 98.019584 
3930.927008 98.023631 
3932.855824 98.024521 
3934.784640 98.022311 
3936.713456 98.018754 
3938.642272 98.016428 
3940.571088 98.013183 
3942.499904 98.008366 
3944.428720 98.003678 
3946.357536 97.998663 
3948.286352 97.993899 
3950.215168 97.989312 
3952.143984 97.986910 
3954.072800 97.989096 
3956.001616 97.996770 
3957.930432 98.009414 
3959.859248 98.024742 
3961.788064 98.038825 
3963.716880 98.049830 
3965.645696 98.056228 
3967.574512 98.059314 
3969.503328 98.060410 
3971.432144 98.063804 
3973.360960 98.071871 
3975.289776 98.080163 
3977.218592 98.087475 
3979.147408 98.094354 
3981.076224 98.097176 
3983.005040 98.095079 
3984.933856 98.091709 
3986.862672 98.091364 
3988.791488 98.096451 
3990.720304 98.106773 
3992.649120 98.120648 
3994.577936 98.133224 
3996.506752 98.143926 
3998.435568 98.152219 
4000.364384 98.156185 