698.231392 93.537381 
700.160208 93.549067 
702.089024 93.579449 
704.017840 93.633717 
705.946656 93.715548 
707.875472 93.826456 
709.804288 93.964317 
711.733104 94.121236 
713.661920 94.281635 
715.590736 94.429378 
717.519552 94.547808 
719.448368 94.620760 
721.377184 94.634259 
723.306000 94.578585 
725.234816 94.447301 
727.163632 94.240195 
729.092448 93.963908 
731.021264 93.631050 
732.950080 93.259784 
734.878896 92.872927 
736.807712 92.496053 
738.736528 92.154595 
740.665344 91.870247 
742.594160 91.657799 
744.522976 91.523956 
746.451792 91.467780 
748.380608 91.481266 
750.309424 91.551082 
752.238240 91.661034 
754.167056 91.794235 
756.095872 91.935985 
758.024688 92.074922 
759.953504 92.202253 
761.882320 92.311537 
763.811136 92.398740 
765.739952 92.461681 
767.668768 92.500011 
769.597584 92.516151 
771.526400 92.515406 
773.455216 92.505280 
775.384032 92.494551 
777.312848 92.490988 
779.241664 92.499769 
781.170480 92.522680 
783.099296 92.558459 
785.028112 92.603615 
786.956928 92.652886 
788.885744 92.700154 
790.814560 92.739632 
792.743376 92.768194 
794.672192 92.785856 
796.601008 92.794328 
798.529824 92.796309 
800.458640 92.794442 
802.387456 92.791097 
804.316272 92.788343 
806.245088 92.787492 
808.173904 92.788685 
810.102720 92.791367 
812.031536 92.795503 
813.960352 92.801248 
815.889168 92.809011 
817.817984 92.818942 
819.746800 92.830220 
821.675616 92.841292 
823.604432 92.850166 
825.533248 92.854794 
827.462064 92.853243 
829.390880 92.843884 
831.319696 92.825656 
833.248512 92.798456 
835.177328 92.763660 
837.106144 92.723073 
839.034960 92.678445 
840.963776 92.631403 
842.892592 92.583547 
844.821408 92.536427 
846.750224 92.491325 
848.679040 92.449161 
850.607856 92.410956 
852.536672 92.377919 
854.465488 92.350819 
856.394304 92.329646 
858.323120 92.314160 
860.251936 92.303323 
862.180752 92.295543 
864.109568 92.289342 
866.038384 92.283715 
867.967200 92.278411 
869.896016 92.274874 
871.824832 92.276270 
873.753648 92.286844 
875.682464 92.310571 
877.611280 92.350176 
879.540096 92.406642 
881.468912 92.479375 
883.397728 92.565946 
885.326544 92.662331 
887.255360 92.763471 
889.184176 92.864295 
891.112992 92.960477 
893.041808 93.048496 
894.970624 93.124706 
896.899440 93.185180 
898.828256 93.226216 
900.757072 93.244859 
902.685888 93.239308 
904.614704 93.209846 
906.543520 93.158738 
908.472336 93.089758 
910.401152 93.008133 
912.329968 92.920072 
914.258784 92.831389 
916.187600 92.746170 
918.116416 92.666173 
920.045232 92.591772 
921.974048 92.523096 
923.902864 92.460375 
925.831680 92.403681 
927.760496 92.353328 
929.689312 92.310035 
931.618128 92.274750 
933.546944 92.248179 
935.475760 92.230157 
937.404576 92.219463 
939.333392 92.214220 
941.262208 92.212293 
943.191024 92.211689 
945.119840 92.210391 
947.048656 92.206180 
948.977472 92.196443 
950.906288 92.178467 
952.835104 92.149599 
954.763920 92.107462 
956.692736 92.050299 
958.621552 91.977535 
960.550368 91.890285 
962.479184 91.791801 
964.408000 91.687111 
966.336816 91.582176 
968.265632 91.483119 
970.194448 91.395820 
972.123264 91.325401 
974.052080 91.276029 
975.980896 91.250462 
977.909712 91.250043 
979.838528 91.274755 
981.767344 91.323478 
983.696160 91.393878 
985.624976 91.482438 
987.553792 91.584486 
989.482608 91.694338 
991.411424 91.805537 
993.340240 91.911402 
995.269056 92.005579 
997.197872 92.082749 
999.126688 92.138918 
1001.055504 92.171500 
1002.984320 92.179501 
1004.913136 92.163555 
1006.841952 92.125058 
1008.770768 92.065670 
1010.699584 91.986674 
1012.628400 91.888807 
1014.557216 91.772634 
1016.486032 91.638830 
1018.414848 91.488610 
1020.343664 91.324659 
1022.272480 91.151695 
1024.201296 90.975950 
1026.130112 90.804792 
1028.058928 90.646477 
1029.987744 90.508879 
1031.916560 90.398504 
1033.845376 90.319739 
1035.774192 90.274419 
1037.703008 90.262186 
1039.631824 90.280667 
1041.560640 90.325127 
1043.489456 90.388926 
1045.418272 90.464377 
1047.347088 90.542845 
1049.275904 90.615408 
1051.204720 90.674161 
1053.133536 90.712525 
1055.062352 90.726303 
1056.991168 90.714817 
1058.919984 90.680686 
1060.848800 90.629686 
1062.777616 90.570207 
1064.706432 90.511643 
1066.635248 90.463141 
1068.564064 90.433323 
1070.492880 90.429501 
1072.421696 90.456559 
1074.350512 90.517028 
1076.279328 90.610919 
1078.208144 90.735540 
1080.136960 90.885854 
1082.065776 91.053883 
1083.994592 91.228689 
1085.923408 91.397495 
1087.852224 91.546787 
1089.781040 91.663409 
1091.709856 91.736338 
1093.638672 91.758128 
1095.567488 91.725424 
1097.496304 91.639577 
1099.425120 91.506303 
1101.353936 91.334112 
1103.282752 91.133311 
1105.211568 90.914821 
1107.140384 90.688788 
1109.069200 90.464114 
1110.998016 90.248482 
1112.926832 90.048374 
1114.855648 89.868862 
1116.784464 89.714246 
1118.713280 89.588082 
1120.642096 89.492846 
1122.570912 89.430018 
1124.499728 89.399725 
1126.428544 89.400241 
1128.357360 89.428142 
1130.286176 89.478379 
1132.214992 89.544793 
1134.143808 89.620880 
1136.072624 89.700625 
1138.001440 89.779039 
1139.930256 89.852997 
1141.859072 89.921307 
1143.787888 89.984400 
1145.716704 90.044035 
1147.645520 90.102578 
1149.574336 90.161798 
1151.503152 90.222805 
1153.431968 90.286141 
1155.360784 90.351731 
1157.289600 90.419207 
1159.218416 90.488724 
1161.147232 90.561055 
1163.076048 90.637617 
1165.004864 90.720443 
1166.933680 90.811628 
1168.862496 90.912268 
1170.791312 91.022265 
1172.720128 91.139774 
1174.648944 91.261361 
1176.577760 91.382535 
1178.506576 91.498610 
1180.435392 91.605426 
1182.364208 91.699883 
1184.293024 91.780055 
1186.221840 91.845271 
1188.150656 91.895672 
1190.079472 91.931760 
1192.008288 91.953550 
1193.937104 91.960610 
1195.865920 91.952019 
1197.794736 91.926671 
1199.723552 91.883962 
1201.652368 91.824376 
1203.581184 91.749523 
1205.510000 91.662208 
1207.438816 91.566315 
1209.367632 91.466474 
1211.296448 91.366932 
1213.225264 91.270943 
1215.154080 91.180197 
1217.082896 91.094900 
1219.011712 91.014303 
1220.940528 90.936756 
1222.869344 90.859700 
1224.798160 90.779880 
1226.726976 90.693636 
1228.655792 90.597167 
1230.584608 90.486602 
1232.513424 90.358503 
1234.442240 90.210011 
1236.371056 90.039327 
1238.299872 89.846347 
1240.228688 89.632990 
1242.157504 89.403463 
1244.086320 89.163842 
1246.015136 88.921199 
1247.943952 88.682850 
1249.872768 88.455717 
1251.801584 88.245752 
1253.730400 88.057296 
1255.659216 87.893111 
1257.588032 87.754496 
1259.516848 87.641506 
1261.445664 87.553235 
1263.374480 87.487909 
1265.303296 87.443046 
1267.232112 87.415614 
1269.160928 87.402215 
1271.089744 87.399720 
1273.018560 87.405846 
1274.947376 87.419614 
1276.876192 87.441355 
1278.805008 87.472659 
1280.733824 87.516284 
1282.662640 87.576139 
1284.591456 87.656516 
1286.520272 87.761371 
1288.449088 87.893635 
1290.377904 88.055034 
1292.306720 88.246155 
1294.235536 88.466760 
1296.164352 88.716055 
1298.093168 88.992894 
1300.021984 89.295737 
1301.950800 89.622739 
1303.879616 89.971672 
1305.808432 90.339639 
1307.737248 90.722191 
1309.666064 91.113447 
1311.594880 91.506347 
1313.523696 91.893206 
1315.452512 92.266291 
1317.381328 92.618215 
1319.310144 92.942706 
1321.238960 93.235015 
1323.167776 93.492298 
1325.096592 93.713184 
1327.025408 93.896980 
1328.954224 94.043489 
1330.883040 94.153065 
1332.811856 94.226786 
1334.740672 94.266340 
1336.669488 94.273912 
1338.598304 94.252510 
1340.527120 94.205742 
1342.455936 94.137770 
1344.384752 94.052886 
1346.313568 93.955064 
1348.242384 93.847319 
1350.171200 93.732112 
1352.100016 93.611963 
1354.028832 93.489659 
1355.957648 93.368272 
1357.886464 93.251494 
1359.815280 93.143750 
1361.744096 93.050435 
1363.672912 92.977230 
1365.601728 92.929426 
1367.530544 92.911126 
1369.459360 92.924970 
1371.388176 92.972044 
1373.316992 93.052094 
1375.245808 93.163002 
1377.174624 93.300797 
1379.103440 93.459938 
1381.032256 93.634051 
1382.961072 93.816202 
1384.889888 93.999388 
1386.818704 94.176851 
1388.747520 94.342385 
1390.676336 94.490743 
1392.605152 94.618119 
1394.533968 94.721888 
1396.462784 94.800680 
1398.391600 94.854129 
1400.320416 94.883071 
1402.249232 94.889270 
1404.178048 94.875343 
1406.106864 94.844563 
1408.035680 94.800587 
1409.964496 94.747146 
1411.893312 94.687469 
1413.822128 94.624259 
1415.750944 94.559543 
1417.679760 94.494321 
1419.608576 94.428795 
1421.537392 94.362473 
1423.466208 94.294788 
1425.395024 94.225429 
1427.323840 94.154686 
1429.252656 94.083533 
1431.181472 94.013422 
1433.110288 93.946379 
1435.039104 93.884783 
1436.967920 93.831376 
1438.896736 93.788978 
1440.825552 93.760087 
1442.754368 93.746965 
1444.683184 93.750955 
1446.612000 93.772930 
1448.540816 93.813070 
1450.469632 93.870490 
1452.398448 93.943000 
1454.327264 94.027355 
1456.256080 94.119713 
1458.184896 94.215796 
1460.113712 94.311067 
1462.042528 94.401107 
1463.971344 94.481879 
1465.900160 94.550582 
1467.828976 94.605168 
1469.757792 94.644622 
1471.686608 94.668439 
1473.615424 94.676801 
1475.544240 94.670521 
1477.473056 94.650981 
1479.401872 94.619845 
1481.330688 94.578913 
1483.259504 94.530321 
1485.188320 94.476419 
1487.117136 94.419366 
1489.045952 94.361565 
1490.974768 94.305356 
1492.903584 94.253123 
1494.832400 94.207095 
1496.761216 94.169605 
1498.690032 94.142834 
1500.618848 94.128622 
1502.547664 94.128275 
1504.476480 94.142624 
1506.405296 94.172422 
1508.334112 94.217753 
1510.262928 94.278104 
1512.191744 94.352634 
1514.120560 94.440120 
1516.049376 94.539298 
1517.978192 94.648628 
1519.907008 94.766286 
1521.835824 94.890199 
1523.764640 95.018559 
1525.693456 95.149635 
1527.622272 95.281336 
1529.551088 95.411957 
1531.479904 95.539801 
1533.408720 95.663679 
1535.337536 95.782577 
1537.266352 95.895424 
1539.195168 96.000798 
1541.123984 96.097106 
1543.052800 96.183035 
1544.981616 96.257352 
1546.910432 96.319355 
1548.839248 96.368302 
1550.768064 96.402695 
1552.696880 96.421577 
1554.625696 96.424088 
1556.554512 96.409471 
1558.483328 96.376869 
1560.412144 96.326520 
1562.340960 96.259878 
1564.269776 96.179993 
1566.198592 96.091323 
1568.127408 95.998249 
1570.056224 95.905178 
1571.985040 95.816101 
1573.913856 95.733923 
1575.842672 95.660892 
1577.771488 95.598422 
1579.700304 95.548073 
1581.629120 95.511184 
1583.557936 95.490584 
1585.486752 95.490281 
1587.415568 95.514302 
1589.344384 95.566774 
1591.273200 95.649889 
1593.202016 95.764466 
1595.130832 95.910211 
1597.059648 96.085512 
1598.988464 96.287840 
1600.917280 96.514525 
1602.846096 96.763882 
1604.774912 97.033539 
1606.703728 97.320803 
1608.632544 97.622318 
1610.561360 97.932638 
1612.490176 98.245244 
1614.418992 98.551672 
1616.347808 98.843036 
1618.276624 99.111250 
1620.205440 99.349544 
1622.134256 99.552905 
1624.063072 99.717856 
1625.991888 99.843486 
1627.920704 99.930485 
1629.849520 99.980495 
1631.778336 99.995927 
1633.707152 99.978397 
1635.635968 99.930074 
1637.564784 99.853517 
1639.493600 99.751249 
1641.422416 99.626167 
1643.351232 99.480847 
1645.280048 99.317337 
1647.208864 99.136987 
1649.137680 98.941174 
1651.066496 98.731147 
1652.995312 98.507297 
1654.924128 98.270086 
1656.852944 98.019702 
1658.781760 97.757101 
1660.710576 97.483679 
1662.639392 97.200341 
1664.568208 96.908201 
1666.497024 96.608685 
1668.425840 96.303431 
1670.354656 95.993645 
1672.283472 95.680692 
1674.212288 95.365922 
1676.141104 95.049897 
1678.069920 94.732728 
1679.998736 94.413065 
1681.927552 94.087936 
1683.856368 93.753808 
1685.785184 93.406393 
1687.714000 93.041654 
1689.642816 92.656097 
1691.571632 92.247642 
1693.500448 91.815620 
1695.429264 91.361554 
1697.358080 90.888784 
1699.286896 90.401961 
1701.215712 89.907066 
1703.144528 89.411418 
1705.073344 88.923805 
1707.002160 88.455027 
1708.930976 88.016398 
1710.859792 87.619086 
1712.788608 87.273758 
1714.717424 86.991439 
1716.646240 86.780573 
1718.575056 86.646240 
1720.503872 86.590062 
1722.432688 86.610279 
1724.361504 86.702893 
1726.290320 86.862390 
1728.219136 87.081757 
1730.147952 87.352939 
1732.076768 87.666933 
1734.005584 88.014725 
1735.934400 88.386498 
1737.863216 88.772669 
1739.792032 89.162965 
1741.720848 89.547529 
1743.649664 89.917851 
1745.578480 90.267173 
1747.507296 90.590772 
1749.436112 90.885856 
1751.364928 91.150956 
1753.293744 91.386095 
1755.222560 91.592567 
1757.151376 91.772434 
1759.080192 91.926736 
1761.009008 92.057014 
1762.937824 92.165176 
1764.866640 92.253536 
1766.795456 92.325030 
1768.724272 92.382810 
1770.653088 92.429979 
1772.581904 92.469406 
1774.510720 92.503460 
1776.439536 92.533932 
1778.368352 92.561833 
1780.297168 92.587886 
1782.225984 92.612353 
1784.154800 92.635536 
1786.083616 92.657535 
1788.012432 92.678248 
1789.941248 92.697669 
1791.870064 92.715877 
1793.798880 92.733092 
1795.727696 92.749449 
1797.656512 92.765021 
1799.585328 92.779622 
1801.514144 92.792990 
1803.442960 92.805156 
1805.371776 92.815980 
1807.300592 92.825203 
1809.229408 92.832595 
1811.158224 92.838037 
1813.087040 92.841596 
1815.015856 92.843449 
1816.944672 92.843944 
1818.873488 92.843409 
1820.802304 92.842285 
1822.731120 92.841029 
1824.659936 92.840024 
1826.588752 92.839476 
1828.517568 92.839423 
1830.446384 92.839863 
1832.375200 92.840785 
1834.304016 92.842196 
1836.232832 92.844108 
1838.161648 92.846466 
1840.090464 92.849248 
1842.019280 92.852349 
1843.948096 92.855662 
1845.876912 92.859019 
1847.805728 92.862230 
1849.734544 92.865128 
1851.663360 92.867633 
1853.592176 92.869818 
1855.520992 92.871723 
1857.449808 92.873441 
1859.378624 92.875076 
1861.307440 92.876620 
1863.236256 92.878034 
1865.165072 92.879201 
1867.093888 92.879978 
1869.022704 92.880241 
1870.951520 92.879954 
1872.880336 92.879190 
1874.809152 92.878071 
1876.737968 92.876831 
1878.666784 92.875684 
1880.595600 92.874832 
1882.524416 92.874418 
1884.453232 92.874492 
1886.382048 92.875057 
1888.310864 92.876107 
1890.239680 92.877632 
1892.168496 92.879624 
1894.097312 92.882070 
1896.026128 92.884912 
1897.954944 92.888006 
1899.883760 92.891202 
1901.812576 92.894274 
1903.741392 92.896907 
1905.670208 92.898790 
1907.599024 92.899671 
1909.527840 92.899418 
1911.456656 92.898005 
1913.385472 92.895512 
1915.314288 92.892123 
1917.243104 92.888030 
1919.171920 92.883506 
1921.100736 92.878836 
1923.029552 92.874258 
1924.958368 92.869974 
1926.887184 92.866159 
1928.816000 92.863017 
1930.744816 92.860700 
1932.673632 92.859345 
1934.602448 92.859002 
1936.531264 92.859633 
1938.460080 92.861216 
1940.388896 92.863627 
1942.317712 92.866763 
1944.246528 92.870499 
1946.175344 92.874721 
1948.104160 92.879375 
1950.032976 92.884458 
1951.961792 92.890022 
1953.890608 92.896021 
1955.819424 92.902430 
1957.748240 92.909172 
1959.677056 92.916097 
1961.605872 92.923136 
1963.534688 92.930151 
1965.463504 92.936970 
1967.392320 92.943482 
1969.321136 92.949599 
1971.249952 92.955244 
1973.178768 92.960326 
1975.107584 92.964839 
1977.036400 92.968698 
1978.965216 92.971863 
1980.894032 92.974365 
1982.822848 92.976336 
1984.751664 92.978107 
1986.680480 92.980149 
1988.609296 92.982934 
1990.538112 92.986862 
1992.466928 92.992208 
1994.395744 92.999099 
1996.324560 93.007421 
1998.253376 93.016891 
2000.182192 93.027040 
2002.111008 93.037439 
2004.039824 93.047716 
2005.968640 93.057688 
2007.897456 93.067295 
2009.826272 93.076521 
2011.755088 93.085246 
2013.683904 93.093301 
2015.612720 93.100609 
2017.541536 93.107077 
2019.470352 93.112458 
2021.399168 93.116519 
2023.327984 93.119248 
2025.256800 93.121029 
2027.185616 93.122257 
2029.114432 93.123340 
2031.043248 93.124508 
2032.972064 93.125835 
2034.900880 93.127361 
2036.829696 93.129009 
2038.758512 93.130506 
2040.687328 93.131488 
2042.616144 93.131622 
2044.544960 93.130716 
2046.473776 93.128733 
2048.402592 93.125918 
2050.331408 93.122469 
2052.260224 93.118611 
2054.189040 93.114641 
2056.117856 93.110873 
2058.046672 93.107652 
2059.975488 93.105168 
2061.904304 93.103422 
2063.833120 93.102513 
2065.761936 93.102641 
2067.690752 93.103933 
2069.619568 93.106303 
2071.548384 93.109755 
2073.477200 93.114220 
2075.406016 93.119557 
2077.334832 93.125626 
2079.263648 93.132158 
2081.192464 93.138829 
2083.121280 93.145304 
2085.050096 93.151080 
2086.978912 93.155672 
2088.907728 93.158816 
2090.836544 93.160455 
2092.765360 93.160510 
2094.694176 93.159095 
2096.622992 93.156402 
2098.551808 93.152699 
2100.480624 93.148492 
2102.409440 93.144357 
2104.338256 93.140799 
2106.267072 93.138356 
2108.195888 93.137407 
2110.124704 93.138126 
2112.053520 93.140541 
2113.982336 93.144528 
2115.911152 93.149610 
2117.839968 93.155326 
2119.768784 93.161371 
2121.697600 93.167480 
2123.626416 93.173441 
2125.555232 93.179050 
2127.484048 93.184035 
2129.412864 93.188372 
2131.341680 93.192153 
2133.270496 93.195269 
2135.199312 93.197478 
2137.128128 93.198842 
2139.056944 93.199564 
2140.985760 93.199980 
2142.914576 93.200548 
2144.843392 93.201588 
2146.772208 93.203266 
2148.701024 93.205716 
2150.629840 93.208820 
2152.558656 93.212298 
2154.487472 93.215788 
2156.416288 93.218985 
2158.345104 93.221762 
2160.273920 93.224303 
2162.202736 93.226810 
2164.131552 93.229302 
2166.060368 93.231837 
2167.989184 93.234464 
2169.918000 93.237125 
2171.846816 93.239736 
2173.775632 93.241982 
2175.704448 93.243528 
2177.633264 93.244293 
2179.562080 93.244483 
2181.490896 93.244278 
2183.419712 93.243792 
2185.348528 93.243230 
2187.277344 93.242725 
2189.206160 93.242429 
2191.134976 93.242451 
2193.063792 93.242781 
2194.992608 93.243491 
2196.921424 93.244714 
2198.850240 93.246829 
2200.779056 93.250156 
2202.707872 93.254715 
2204.636688 93.260273 
2206.565504 93.266448 
2208.494320 93.272803 
2210.423136 93.278709 
2212.351952 93.283517 
2214.280768 93.286723 
2216.209584 93.288089 
2218.138400 93.287840 
2220.067216 93.286470 
2221.996032 93.284618 
2223.924848 93.282848 
2225.853664 93.281585 
2227.782480 93.281145 
2229.711296 93.281573 
2231.640112 93.282669 
2233.568928 93.284055 
2235.497744 93.285360 
2237.426560 93.286318 
2239.355376 93.286849 
2241.284192 93.287057 
2243.213008 93.286890 
2245.141824 93.286227 
2247.070640 93.285064 
2248.999456 93.283361 
2250.928272 93.280938 
2252.857088 93.277630 
2254.785904 93.273424 
2256.714720 93.268474 
2258.643536 93.263104 
2260.572352 93.257731 
2262.501168 93.252713 
2264.429984 93.248299 
2266.358800 93.244552 
2268.287616 93.241365 
2270.216432 93.238478 
2272.145248 93.235479 
2274.074064 93.231848 
2276.002880 93.227143 
2277.931696 93.221030 
2279.860512 93.213289 
2281.789328 93.203819 
2283.718144 93.192567 
2285.646960 93.179475 
2287.575776 93.164563 
2289.504592 93.147935 
2291.433408 93.129698 
2293.362224 93.109976 
2295.291040 93.089027 
2297.219856 93.067188 
2299.148672 93.044887 
2301.077488 93.022658 
2303.006304 93.001145 
2304.935120 92.981084 
2306.863936 92.963251 
2308.792752 92.948411 
2310.721568 92.937263 
2312.650384 92.930364 
2314.579200 92.928045 
2316.508016 92.930326 
2318.436832 92.936932 
2320.365648 92.947342 
2322.294464 92.960848 
2324.223280 92.976638 
2326.152096 92.993846 
2328.080912 93.011606 
2330.009728 93.029123 
2331.938544 93.045746 
2333.867360 93.060963 
2335.796176 93.074391 
2337.724992 93.085808 
2339.653808 93.095175 
2341.582624 93.102711 
2343.511440 93.108895 
2345.440256 93.114377 
2347.369072 93.119851 
2349.297888 93.125934 
2351.226704 93.133097 
2353.155520 93.141578 
2355.084336 93.151313 
2357.013152 93.161899 
2358.941968 93.172706 
2360.870784 93.183040 
2362.799600 93.192331 
2364.728416 93.200214 
2366.657232 93.206474 
2368.586048 93.211016 
2370.514864 93.213942 
2372.443680 93.215518 
2374.372496 93.216133 
2376.301312 93.216118 
2378.230128 93.215744 
2380.158944 93.215278 
2382.087760 93.215064 
2384.016576 93.215390 
2385.945392 93.216375 
2387.874208 93.218081 
2389.803024 93.220484 
2391.731840 93.223474 
2393.660656 93.226959 
2395.589472 93.230756 
2397.518288 93.234591 
2399.447104 93.238121 
2401.375920 93.241111 
2403.304736 93.243398 
2405.233552 93.245022 
2407.162368 93.246157 
2409.091184 93.246917 
2411.020000 93.247581 
2412.948816 93.248567 
2414.877632 93.250176 
2416.806448 93.252402 
2418.735264 93.254857 
2420.664080 93.257056 
2422.592896 93.258532 
2424.521712 93.258874 
2426.450528 93.257670 
2428.379344 93.254777 
2430.308160 93.250525 
2432.236976 93.245315 
2434.165792 93.239630 
2436.094608 93.234002 
2438.023424 93.228741 
2439.952240 93.224007 
2441.881056 93.219945 
2443.809872 93.216733 
2445.738688 93.214498 
2447.667504 93.213345 
2449.596320 93.213197 
2451.525136 93.213747 
2453.453952 93.214808 
2455.382768 93.216027 
2457.311584 93.216862 
2459.240400 93.216748 
2461.169216 93.215329 
2463.098032 93.212687 
2465.026848 93.209154 
2466.955664 93.205158 
2468.884480 93.201241 
2470.813296 93.198009 
2472.742112 93.196038 
2474.670928 93.195632 
2476.599744 93.197002 
2478.528560 93.200080 
2480.457376 93.204541 
2482.386192 93.210046 
2484.315008 93.216212 
2486.243824 93.222567 
2488.172640 93.228556 
2490.101456 93.233583 
2492.030272 93.237249 
2493.959088 93.239433 
2495.887904 93.240375 
2497.816720 93.240339 
2499.745536 93.239632 
2501.674352 93.238590 
2503.603168 93.237580 
2505.531984 93.236992 
2507.460800 93.236985 
2509.389616 93.237624 
2511.318432 93.239034 
2513.247248 93.241352 
2515.176064 93.244797 
2517.104880 93.249498 
2519.033696 93.255309 
2520.962512 93.261676 
2522.891328 93.267926 
2524.820144 93.273388 
2526.748960 93.277394 
2528.677776 93.279553 
2530.606592 93.279862 
2532.535408 93.278733 
2534.464224 93.276812 
2536.393040 93.274802 
2538.321856 93.273238 
2540.250672 93.272362 
2542.179488 93.272104 
2544.108304 93.272197 
2546.037120 93.272516 
2547.965936 93.273081 
2549.894752 93.274056 
2551.823568 93.275899 
2553.752384 93.279133 
2555.681200 93.284225 
2557.610016 93.291417 
2559.538832 93.300597 
2561.467648 93.311071 
2563.396464 93.321872 
2565.325280 93.332162 
2567.254096 93.341242 
2569.182912 93.348711 
2571.111728 93.354548 
2573.040544 93.359075 
2574.969360 93.362691 
2576.898176 93.365582 
2578.826992 93.367851 
2580.755808 93.369313 
2582.684624 93.369709 
2584.613440 93.368879 
2586.542256 93.366879 
2588.471072 93.364105 
2590.399888 93.361086 
2592.328704 93.358538 
2594.257520 93.357162 
2596.186336 93.357427 
2598.115152 93.359477 
2600.043968 93.362983 
2601.972784 93.367440 
2603.901600 93.372348 
2605.830416 93.377481 
2607.759232 93.382826 
2609.688048 93.388380 
2611.616864 93.394321 
2613.545680 93.400834 
2615.474496 93.407911 
2617.403312 93.415164 
2619.332128 93.421944 
2621.260944 93.427688 
2623.189760 93.432126 
2625.118576 93.435457 
2627.047392 93.438099 
2628.976208 93.440431 
2630.905024 93.443018 
2632.833840 93.446444 
2634.762656 93.451122 
2636.691472 93.457138 
2638.620288 93.464149 
2640.549104 93.471675 
2642.477920 93.479430 
2644.406736 93.487362 
2646.335552 93.495514 
2648.264368 93.503794 
2650.193184 93.512092 
2652.122000 93.520320 
2654.050816 93.528394 
2655.979632 93.535930 
2657.908448 93.542350 
2659.837264 93.547369 
2661.766080 93.550977 
2663.694896 93.553503 
2665.623712 93.555516 
2667.552528 93.557411 
2669.481344 93.559324 
2671.410160 93.561364 
2673.338976 93.563766 
2675.267792 93.566537 
2677.196608 93.569536 
2679.125424 93.572712 
2681.054240 93.576030 
2682.983056 93.579729 
2684.911872 93.584077 
2686.840688 93.589127 
2688.769504 93.594826 
2690.698320 93.601152 
2692.627136 93.608152 
2694.555952 93.615742 
2696.484768 93.623738 
2698.413584 93.631969 
2700.342400 93.640385 
2702.271216 93.649070 
2704.200032 93.657944 
2706.128848 93.666939 
2708.057664 93.675944 
2709.986480 93.684790 
2711.915296 93.693197 
2713.844112 93.700816 
2715.772928 93.707237 
2717.701744 93.711997 
2719.630560 93.714926 
2721.559376 93.716163 
2723.488192 93.715908 
2725.417008 93.714632 
2727.345824 93.713052 
2729.274640 93.712010 
2731.203456 93.712126 
2733.132272 93.713643 
2735.061088 93.716311 
2736.989904 93.719606 
2738.918720 93.723051 
2740.847536 93.726345 
2742.776352 93.729390 
2744.705168 93.732409 
2746.633984 93.735790 
2748.562800 93.739987 
2750.491616 93.745325 
2752.420432 93.751786 
2754.349248 93.758878 
2756.278064 93.765952 
2758.206880 93.772489 
2760.135696 93.778334 
2762.064512 93.783803 
2763.993328 93.789643 
2765.922144 93.796671 
2767.850960 93.805793 
2769.779776 93.817748 
2771.708592 93.832690 
2773.637408 93.850068 
2775.566224 93.868765 
2777.495040 93.887468 
2779.423856 93.904949 
2781.352672 93.920184 
2783.281488 93.932683 
2785.210304 93.942470 
2787.139120 93.950037 
2789.067936 93.955902 
2790.996752 93.960653 
2792.925568 93.965004 
2794.854384 93.969493 
2796.783200 93.974637 
2798.712016 93.980979 
2800.640832 93.988952 
2802.569648 93.998895 
2804.498464 94.011078 
2806.427280 94.025765 
2808.356096 94.042788 
2810.284912 94.061619 
2812.213728 94.081306 
2814.142544 94.100332 
2816.071360 94.117168 
2818.000176 94.131081 
2819.928992 94.143056 
2821.857808 94.156360 
2823.786624 94.177031 
2825.715440 94.213980 
2827.644256 94.277780 
2829.573072 94.378777 
2831.501888 94.524792 
2833.430704 94.719511 
2835.359520 94.961090 
2837.288336 95.241534 
2839.217152 95.547796 
2841.145968 95.863407 
2843.074784 96.170510 
2845.003600 96.452190 
2846.932416 96.694283 
2848.861232 96.886246 
2850.790048 97.020898 
2852.718864 97.094065 
2854.647680 97.103964 
2856.576496 97.051073 
2858.505312 96.938765 
2860.434128 96.773888 
2862.362944 96.566937 
2864.291760 96.331726 
2866.220576 96.084883 
2868.149392 95.844487 
2870.078208 95.627486 
2872.007024 95.447306 
2873.935840 95.312356 
2875.864656 95.225475 
2877.793472 95.184070 
2879.722288 95.181520 
2881.651104 95.209240 
2883.579920 95.258359 
2885.508736 95.321409 
2887.437552 95.393811 
2889.366368 95.474754 
2891.295184 95.566878 
2893.224000 95.675113 
2895.152816 95.805785 
2897.081632 95.965616 
2899.010448 96.160638 
2900.939264 96.395049 
2902.868080 96.669848 
2904.796896 96.982003 
2906.725712 97.324536 
2908.654528 97.687370 
2910.583344 98.057826 
2912.512160 98.421126 
2914.440976 98.761573 
2916.369792 99.063789 
2918.298608 99.313512 
2920.227424 99.498094 
2922.156240 99.607370 
2924.085056 99.634587 
2926.013872 99.577017 
2927.942688 99.436853 
2929.871504 99.222009 
2931.800320 98.946114 
2933.729136 98.627147 
2935.657952 98.285669 
2937.586768 97.942810 
2939.515584 97.617782 
2941.444400 97.325790 
2943.373216 97.076586 
2945.302032 96.873726 
2947.230848 96.715253 
2949.159664 96.595258 
2951.088480 96.505399 
2953.017296 96.436281 
2954.946112 96.378934 
2956.874928 96.325618 
2958.803744 96.270273 
2960.732560 96.208585 
2962.661376 96.137762 
2964.590192 96.056674 
2966.519008 95.965952 
2968.447824 95.867484 
2970.376640 95.764220 
2972.305456 95.660136 
2974.234272 95.559538 
2976.163088 95.466180 
2978.091904 95.382996 
2980.020720 95.311676 
2981.949536 95.252493 
2983.878352 95.204762 
2985.807168 95.166979 
2987.735984 95.137213 
2989.664800 95.113724 
2991.593616 95.095129 
2993.522432 95.080437 
2995.451248 95.069234 
2997.380064 95.061719 
2999.308880 95.058453 
3001.237696 95.060238 
3003.166512 95.067745 
3005.095328 95.081049 
3007.024144 95.099958 
3008.952960 95.123995 
3010.881776 95.152139 
3012.810592 95.182931 
3014.739408 95.214716 
3016.668224 95.245845 
3018.597040 95.275149 
3020.525856 95.302268 
3022.454672 95.327172 
3024.383488 95.349957 
3026.312304 95.370848 
3028.241120 95.390095 
3030.169936 95.408118 
3032.098752 95.425287 
3034.027568 95.441692 
3035.956384 95.457418 
3037.885200 95.472881 
3039.814016 95.488770 
3041.742832 95.505850 
3043.671648 95.524701 
3045.600464 95.545162 
3047.529280 95.566572 
3049.458096 95.588468 
3051.386912 95.610670 
3053.315728 95.633108 
3055.244544 95.655746 
3057.173360 95.678583 
3059.102176 95.701846 
3061.030992 95.726034 
3062.959808 95.751086 
3064.888624 95.776070 
3066.817440 95.799713 
3068.746256 95.820674 
3070.675072 95.837986 
3072.603888 95.851379 
3074.532704 95.861121 
3076.461520 95.868018 
3078.390336 95.873531 
3080.319152 95.879267 
3082.247968 95.886367 
3084.176784 95.895464 
3086.105600 95.906380 
3088.034416 95.918265 
3089.963232 95.930263 
3091.892048 95.942009 
3093.820864 95.953657 
3095.749680 95.965742 
3097.678496 95.979175 
3099.607312 95.994876 
3101.536128 96.013516 
3103.464944 96.034933 
3105.393760 96.058046 
3107.322576 96.081671 
3109.251392 96.104364 
3111.180208 96.124701 
3113.109024 96.141819 
3115.037840 96.155808 
3116.966656 96.167693 
3118.895472 96.179069 
3120.824288 96.191668 
3122.753104 96.206545 
3124.681920 96.224138 
3126.610736 96.244035 
3128.539552 96.264967 
3130.468368 96.285536 
3132.397184 96.304250 
3134.326000 96.320368 
3136.254816 96.334131 
3138.183632 96.346551 
3140.112448 96.359119 
3142.041264 96.373133 
3143.970080 96.389561 
3145.898896 96.408769 
3147.827712 96.430980 
3149.756528 96.456009 
3151.685344 96.483222 
3153.614160 96.512441 
3155.542976 96.543750 
3157.471792 96.577623 
3159.400608 96.614815 
3161.329424 96.655752 
3163.258240 96.700435 
3165.187056 96.748504 
3167.115872 96.799386 
3169.044688 96.851957 
3170.973504 96.905325 
3172.902320 96.958866 
3174.831136 97.011865 
3176.759952 97.064006 
3178.688768 97.114966 
3180.617584 97.164023 
3182.546400 97.210352 
3184.475216 97.253217 
3186.404032 97.292115 
3188.332848 97.326691 
3190.261664 97.357186 
3192.190480 97.384223 
3194.119296 97.408871 
3196.048112 97.432252 
3197.976928 97.455239 
3199.905744 97.478785 
3201.834560 97.503619 
3203.763376 97.530004 
3205.692192 97.558214 
3207.621008 97.588607 
3209.549824 97.621410 
3211.478640 97.656706 
3213.407456 97.694846 
3215.336272 97.735729 
3217.265088 97.778722 
3219.193904 97.822886 
3221.122720 97.866758 
3223.051536 97.908668 
3224.980352 97.947409 
3226.909168 97.982493 
3228.837984 98.013927 
3230.766800 98.042436 
3232.695616 98.069635 
3234.624432 98.097180 
3236.553248 98.126429 
3238.482064 98.158175 
3240.410880 98.192778 
3242.339696 98.230001 
3244.268512 98.268772 
3246.197328 98.307863 
3248.126144 98.346096 
3250.054960 98.382494 
3251.983776 98.416455 
3253.912592 98.447890 
3255.841408 98.477196 
3257.770224 98.504731 
3259.699040 98.530927 
3261.627856 98.556108 
3263.556672 98.580478 
3265.485488 98.604450 
3267.414304 98.628473 
3269.343120 98.652997 
3271.271936 98.678404 
3273.200752 98.705305 
3275.129568 98.734254 
3277.058384 98.765069 
3278.987200 98.796798 
3280.916016 98.828032 
3282.844832 98.857345 
3284.773648 98.883151 
3286.702464 98.903945 
3288.631280 98.918655 
3290.560096 98.926764 
3292.488912 98.928748 
3294.417728 98.925876 
3296.346544 98.919760 
3298.275360 98.912111 
3300.204176 98.904586 
3302.132992 98.898472 
3304.061808 98.894571 
3305.990624 98.893675 
3307.919440 98.896188 
3309.848256 98.901859 
3311.777072 98.910077 
3313.705888 98.920523 
3315.634704 98.933260 
3317.563520 98.948270 
3319.492336 98.965150 
3321.421152 98.983285 
3323.349968 99.002297 
3325.278784 99.021761 
3327.207600 99.040674 
3329.136416 99.057914 
3331.065232 99.072531 
3332.994048 99.084119 
3334.922864 99.092786 
3336.851680 99.099184 
3338.780496 99.104208 
3340.709312 99.109154 
3342.638128 99.115271 
3344.566944 99.123087 
3346.495760 99.132877 
3348.424576 99.144858 
3350.353392 99.158595 
3352.282208 99.173268 
3354.211024 99.188205 
3356.139840 99.203203 
3358.068656 99.217922 
3359.997472 99.232091 
3361.926288 99.245251 
3363.855104 99.256871 
3365.783920 99.266305 
3367.712736 99.272531 
3369.641552 99.274997 
3371.570368 99.273941 
3373.499184 99.269977 
3375.428000 99.264188 
3377.356816 99.258038 
3379.285632 99.253398 
3381.214448 99.251675 
3383.143264 99.253756 
3385.072080 99.259459 
3387.000896 99.267978 
3388.929712 99.278849 
3390.858528 99.291573 
3392.787344 99.305578 
3394.716160 99.320407 
3396.644976 99.335583 
3398.573792 99.350701 
3400.502608 99.365269 
3402.431424 99.378968 
3404.360240 99.391037 
3406.289056 99.400599 
3408.217872 99.406962 
3410.146688 99.410083 
3412.075504 99.411010 
3414.004320 99.410702 
3415.933136 99.409631 
3417.861952 99.408188 
3419.790768 99.406543 
3421.719584 99.404436 
3423.648400 99.400760 
3425.577216 99.394445 
3427.506032 99.384863 
3429.434848 99.372188 
3431.363664 99.357324 
3433.292480 99.341504 
3435.221296 99.326140 
3437.150112 99.311909 
3439.078928 99.298487 
3441.007744 99.285196 
3442.936560 99.271214 
3444.865376 99.255658 
3446.794192 99.237460 
3448.723008 99.216083 
3450.651824 99.192055 
3452.580640 99.167179 
3454.509456 99.143465 
3456.438272 99.122111 
3458.367088 99.103587 
3460.295904 99.088111 
3462.224720 99.075459 
3464.153536 99.064738 
3466.082352 99.055003 
3468.011168 99.046110 
3469.939984 99.038443 
3471.868800 99.032458 
3473.797616 99.028398 
3475.726432 99.026220 
3477.655248 99.024761 
3479.584064 99.022124 
3481.512880 99.016671 
3483.441696 99.007355 
3485.370512 98.993340 
3487.299328 98.973921 
3489.228144 98.949145 
3491.156960 98.920128 
3493.085776 98.888577 
3495.014592 98.856055 
3496.943408 98.823240 
3498.872224 98.790766 
3500.801040 98.759441 
3502.729856 98.730036 
3504.658672 98.702650 
3506.587488 98.676765 
3508.516304 98.651949 
3510.445120 98.627867 
3512.373936 98.603860 
3514.302752 98.578808 
3516.231568 98.551522 
3518.160384 98.521192 
3520.089200 98.487485 
3522.018016 98.451231 
3523.946832 98.413682 
3525.875648 98.375701 
3527.804464 98.337753 
3529.733280 98.300432 
3531.662096 98.264558 
3533.590912 98.230902 
3535.519728 98.199916 
3537.448544 98.171291 
3539.377360 98.144651 
3541.306176 98.119908 
3543.234992 98.096648 
3545.163808 98.073967 
3547.092624 98.050546 
3549.021440 98.025020 
3550.950256 97.996396 
3552.879072 97.964263 
3554.807888 97.928524 
3556.736704 97.889265 
3558.665520 97.847008 
3560.594336 97.802405 
3562.523152 97.756669 
3564.451968 97.711218 
3566.380784 97.666976 
3568.309600 97.624355 
3570.238416 97.583619 
3572.167232 97.545046 
3574.096048 97.509016 
3576.024864 97.475941 
3577.953680 97.445510 
3579.882496 97.416625 
3581.811312 97.388658 
3583.740128 97.361264 
3585.668944 97.334315 
3587.597760 97.307650 
3589.526576 97.281013 
3591.455392 97.254209 
3593.384208 97.227314 
3595.313024 97.200703 
3597.241840 97.174251 
3599.170656 97.147267 
3601.099472 97.118900 
3603.028288 97.088470 
3604.957104 97.055907 
3606.885920 97.021054 
3608.814736 96.983621 
3610.743552 96.943344 
3612.672368 96.900286 
3614.601184 96.855023 
3616.530000 96.808184 
3618.458816 96.760284 
3620.387632 96.711246 
3622.316448 96.661179 
3624.245264 96.610760 
3626.174080 96.560666 
3628.102896 96.511345 
3630.031712 96.462916 
3631.960528 96.415512 
3633.889344 96.369542 
3635.818160 96.325721 
3637.746976 96.284803 
3639.675792 96.246779 
3641.604608 96.211521 
3643.533424 96.178995 
3645.462240 96.149254 
3647.391056 96.122079 
3649.319872 96.096859 
3651.248688 96.072826 
3653.177504 96.049333 
3655.106320 96.026065 
3657.035136 96.003158 
3658.963952 95.980545 
3660.892768 95.958075 
3662.821584 95.935440 
3664.750400 95.912845 
3666.679216 95.890825 
3668.608032 95.869945 
3670.536848 95.850658 
3672.465664 95.833490 
3674.394480 95.819163 
3676.323296 95.808541 
3678.252112 95.802357 
3680.180928 95.800944 
3682.109744 95.803754 
3684.038560 95.810012 
3685.967376 95.818722 
3687.896192 95.828746 
3689.825008 95.838825 
3691.753824 95.847703 
3693.682640 95.854230 
3695.611456 95.857608 
3697.540272 95.857755 
3699.469088 95.854984 
3701.397904 95.849504 
3703.326720 95.841459 
3705.255536 95.831099 
3707.184352 95.818956 
3709.113168 95.805708 
3711.041984 95.792002 
3712.970800 95.778335 
3714.899616 95.765103 
3716.828432 95.752637 
3718.757248 95.741287 
3720.686064 95.731381 
3722.614880 95.723042 
3724.543696 95.715720 
3726.472512 95.708814 
3728.401328 95.701960 
3730.330144 95.695074 
3732.258960 95.688275 
3734.187776 95.681855 
3736.116592 95.676231 
3738.045408 95.672155 
3739.974224 95.670675 
3741.903040 95.672718 
3743.831856 95.678582 
3745.760672 95.688306 
3747.689488 95.701381 
3749.618304 95.717047 
3751.547120 95.734432 
3753.475936 95.752519 
3755.404752 95.770056 
3757.333568 95.785860 
3759.262384 95.798886 
3761.191200 95.808391 
3763.120016 95.813874 
3765.048832 95.814976 
3766.977648 95.811112 
3768.906464 95.802197 
3770.835280 95.788652 
3772.764096 95.771267 
3774.692912 95.751177 
3776.621728 95.729686 
3778.550544 95.707934 
3780.479360 95.687039 
3782.408176 95.667972 
3784.336992 95.651537 
3786.265808 95.638071 
3788.194624 95.627834 
3790.123440 95.620653 
3792.052256 95.616407 
3793.981072 95.615099 
3795.909888 95.616648 
3797.838704 95.620795 
3799.767520 95.627332 
3801.696336 95.635987 
3803.625152 95.646640 
3805.553968 95.658935 
3807.482784 95.672879 
3809.411600 95.688491 
3811.340416 95.705972 
3813.269232 95.725404 
3815.198048 95.746697 
3817.126864 95.769677 
3819.055680 95.793846 
3820.984496 95.818296 
3822.913312 95.841960 
3824.842128 95.863470 
3826.770944 95.881979 
3828.699760 95.896676 
3830.628576 95.907331 
3832.557392 95.913854 
3834.486208 95.916256 
3836.415024 95.915044 
3838.343840 95.910752 
3840.272656 95.903949 
3842.201472 95.895136 
3844.130288 95.884676 
3846.059104 95.873035 
3847.987920 95.860774 
3849.916736 95.849390 
3851.845552 95.839872 
3853.774368 95.832747 
3855.703184 95.828366 
3857.632000 95.826646 
3859.560816 95.827390 
3861.489632 95.829789 
3863.418448 95.832653 
3865.347264 95.834799 
3867.276080 95.835419 
3869.204896 95.834313 
3871.133712 95.831357 
3873.062528 95.826873 
3874.991344 95.820955 
3876.920160 95.813823 
3878.848976 95.806005 
3880.777792 95.797506 
3882.706608 95.788264 
3884.635424 95.778194 
3886.564240 95.767391 
3888.493056 95.756215 
3890.421872 95.745473 
3892.350688 95.736033 
3894.279504 95.728427 
3896.208320 95.723388 
3898.137136 95.721639 
3900.065952 95.723558 
3901.994768 95.729421 
3903.923584 95.739016 
3905.852400 95.752112 
3907.781216 95.768437 
3909.710032 95.787554 
3911.638848 95.808665 
3913.567664 95.831149 
3915.496480 95.854297 
3917.425296 95.877313 
3919.354112 95.899525 
3921.282928 95.920079 
3923.211744 95.937937 
3925.140560 95.952523 
3927.069376 95.963535 
3928.998192 95.970918 
3930.927008 95.974761 
3932.855824 95.975414 
3934.784640 95.973172 
3936.713456 95.968445 
3938.642272 95.961658 
3940.571088 95.953263 
3942.499904 95.944029 
3944.428720 95.934898 
3946.357536 95.927260 
3948.286352 95.922725 
3950.215168 95.922504 
3952.143984 95.927180 
3954.072800 95.936514 
3956.001616 95.949563 
3957.930432 95.964744 
3959.859248 95.980228 
3961.788064 95.994390 
3963.716880 96.005973 
3965.645696 96.014796 
3967.574512 96.021429 
3969.503328 96.026851 
3971.432144 96.031933 
3973.360960 96.037030 
3975.289776 96.042064 
3977.218592 96.046442 
3979.147408 96.049371 
3981.076224 96.050581 
3983.005040 96.050299 
3984.933856 96.049291 
3986.862672 96.048684 
3988.791488 96.049871 
3990.720304 96.054222 
3992.649120 96.061150 
3994.577936 96.069863 
3996.506752 96.079325 
3998.435568 96.088440 
4000.364384 96.096136 