698.231392 96.495921 
700.160208 96.493561 
702.089024 96.493163 
704.017840 96.496530 
705.946656 96.504482 
707.875472 96.517802 
709.804288 96.536086 
711.733104 96.557971 
713.661920 96.584225 
715.590736 96.614422 
717.519552 96.644584 
719.448368 96.673024 
721.377184 96.700544 
723.306000 96.724877 
725.234816 96.743335 
727.163632 96.754679 
729.092448 96.756928 
731.021264 96.751293 
732.950080 96.739256 
734.878896 96.722859 
736.807712 96.705459 
738.736528 96.688712 
740.665344 96.675164 
742.594160 96.666727 
744.522976 96.662458 
746.451792 96.662784 
748.380608 96.669429 
750.309424 96.680310 
752.238240 96.693536 
754.167056 96.711376 
756.095872 96.734154 
758.024688 96.759164 
759.953504 96.785314 
761.882320 96.809233 
763.811136 96.829340 
765.739952 96.846887 
767.668768 96.862712 
769.597584 96.879218 
771.526400 96.897886 
773.455216 96.919598 
775.384032 96.945873 
777.312848 96.975705 
779.241664 97.007817 
781.170480 97.040659 
783.099296 97.073126 
785.028112 97.104104 
786.956928 97.133751 
788.885744 97.160711 
790.814560 97.184098 
792.743376 97.204282 
794.672192 97.220084 
796.601008 97.228358 
798.529824 97.230512 
800.458640 97.227952 
802.387456 97.221421 
804.316272 97.214720 
806.245088 97.210427 
808.173904 97.207805 
810.102720 97.206894 
812.031536 97.208632 
813.960352 97.212831 
815.889168 97.219085 
817.817984 97.227730 
819.746800 97.238835 
821.675616 97.253774 
823.604432 97.271623 
825.533248 97.291200 
827.462064 97.310471 
829.390880 97.328366 
831.319696 97.344246 
833.248512 97.361118 
835.177328 97.380780 
837.106144 97.402648 
839.034960 97.427368 
840.963776 97.453578 
842.892592 97.481199 
844.821408 97.510429 
846.750224 97.540366 
848.679040 97.571449 
850.607856 97.603641 
852.536672 97.635109 
854.465488 97.665848 
856.394304 97.695311 
858.323120 97.722048 
860.251936 97.744430 
862.180752 97.758813 
864.109568 97.762872 
866.038384 97.759316 
867.967200 97.751201 
869.896016 97.737508 
871.824832 97.719280 
873.753648 97.696840 
875.682464 97.669365 
877.611280 97.638710 
879.540096 97.604970 
881.468912 97.569718 
883.397728 97.536033 
885.326544 97.504650 
887.255360 97.475885 
889.184176 97.451372 
891.112992 97.432507 
893.041808 97.421132 
894.970624 97.414976 
896.899440 97.411872 
898.828256 97.413457 
900.757072 97.421084 
902.685888 97.432995 
904.614704 97.448497 
906.543520 97.465864 
908.472336 97.481933 
910.401152 97.496051 
912.329968 97.507736 
914.258784 97.515592 
916.187600 97.519180 
918.116416 97.519101 
920.045232 97.516327 
921.974048 97.511866 
923.902864 97.506473 
925.831680 97.501056 
927.760496 97.496128 
929.689312 97.490849 
931.618128 97.485893 
933.546944 97.481696 
935.475760 97.478023 
937.404576 97.475319 
939.333392 97.471416 
941.262208 97.463475 
943.191024 97.452631 
945.119840 97.438188 
947.048656 97.418608 
948.977472 97.394055 
950.906288 97.365033 
952.835104 97.331788 
954.763920 97.295958 
956.692736 97.257808 
958.621552 97.216082 
960.550368 97.169541 
962.479184 97.118010 
964.408000 97.061956 
966.336816 97.001951 
968.265632 96.939341 
970.194448 96.875405 
972.123264 96.809733 
974.052080 96.740587 
975.980896 96.668435 
977.909712 96.594956 
979.838528 96.520855 
981.767344 96.447444 
983.696160 96.376231 
985.624976 96.308739 
987.553792 96.246092 
989.482608 96.188916 
991.411424 96.136639 
993.340240 96.088431 
995.269056 96.042062 
997.197872 95.997724 
999.126688 95.956219 
1001.055504 95.916851 
1002.984320 95.878847 
1004.913136 95.840981 
1006.841952 95.803060 
1008.770768 95.764043 
1010.699584 95.723577 
1012.628400 95.682496 
1014.557216 95.642473 
1016.486032 95.606458 
1018.414848 95.577418 
1020.343664 95.556404 
1022.272480 95.544120 
1024.201296 95.540611 
1026.130112 95.545649 
1028.058928 95.558665 
1029.987744 95.578937 
1031.916560 95.606341 
1033.845376 95.639154 
1035.774192 95.675462 
1037.703008 95.713697 
1039.631824 95.751132 
1041.560640 95.787327 
1043.489456 95.822083 
1045.418272 95.855448 
1047.347088 95.888259 
1049.275904 95.923200 
1051.204720 95.962804 
1053.133536 96.007502 
1055.062352 96.058548 
1056.991168 96.117360 
1058.919984 96.183413 
1060.848800 96.256534 
1062.777616 96.336533 
1064.706432 96.421580 
1066.635248 96.509454 
1068.564064 96.598023 
1070.492880 96.684550 
1072.421696 96.765985 
1074.350512 96.839233 
1076.279328 96.904200 
1078.208144 96.959698 
1080.136960 97.003938 
1082.065776 97.035820 
1083.994592 97.055963 
1085.923408 97.065238 
1087.852224 97.064591 
1089.781040 97.055671 
1091.709856 97.039340 
1093.638672 97.018611 
1095.567488 96.996389 
1097.496304 96.973449 
1099.425120 96.951667 
1101.353936 96.934796 
1103.282752 96.924854 
1105.211568 96.922671 
1107.140384 96.929408 
1109.069200 96.946144 
1110.998016 96.973535 
1112.926832 97.011193 
1114.855648 97.058997 
1116.784464 97.115139 
1118.713280 97.177835 
1120.642096 97.245875 
1122.570912 97.317433 
1124.499728 97.389435 
1126.428544 97.460931 
1128.357360 97.530696 
1130.286176 97.594674 
1132.214992 97.649756 
1134.143808 97.694466 
1136.072624 97.728182 
1138.001440 97.751139 
1139.930256 97.763528 
1141.859072 97.763849 
1143.787888 97.752263 
1145.716704 97.730870 
1147.645520 97.703035 
1149.574336 97.672489 
1151.503152 97.642596 
1153.431968 97.616462 
1155.360784 97.597402 
1157.289600 97.588519 
1159.218416 97.591910 
1161.147232 97.608479 
1163.076048 97.636958 
1165.004864 97.676594 
1166.933680 97.725035 
1168.862496 97.779770 
1170.791312 97.839997 
1172.720128 97.903021 
1174.648944 97.964962 
1176.577760 98.020725 
1178.506576 98.066964 
1180.435392 98.102348 
1182.364208 98.127402 
1184.293024 98.143154 
1186.221840 98.150541 
1188.150656 98.150331 
1190.079472 98.143391 
1192.008288 98.132028 
1193.937104 98.118155 
1195.865920 98.102398 
1197.794736 98.085946 
1199.723552 98.069673 
1201.652368 98.053671 
1203.581184 98.039185 
1205.510000 98.026971 
1207.438816 98.016716 
1209.367632 98.007213 
1211.296448 97.995729 
1213.225264 97.981312 
1215.154080 97.963932 
1217.082896 97.944728 
1219.011712 97.924749 
1220.940528 97.904085 
1222.869344 97.882544 
1224.798160 97.860272 
1226.726976 97.838493 
1228.655792 97.817243 
1230.584608 97.796395 
1232.513424 97.776020 
1234.442240 97.756540 
1236.371056 97.739100 
1238.299872 97.724137 
1240.228688 97.711589 
1242.157504 97.701069 
1244.086320 97.691308 
1246.015136 97.681808 
1247.943952 97.672655 
1249.872768 97.663878 
1251.801584 97.656704 
1253.730400 97.651739 
1255.659216 97.648753 
1257.588032 97.647930 
1259.516848 97.649197 
1261.445664 97.652272 
1263.374480 97.656884 
1265.303296 97.663031 
1267.232112 97.670293 
1269.160928 97.678333 
1271.089744 97.687462 
1273.018560 97.697967 
1274.947376 97.709591 
1276.876192 97.721550 
1278.805008 97.733266 
1280.733824 97.744214 
1282.662640 97.754335 
1284.591456 97.764147 
1286.520272 97.773788 
1288.449088 97.783368 
1290.377904 97.792945 
1292.306720 97.801326 
1294.235536 97.808089 
1296.164352 97.813753 
1298.093168 97.818161 
1300.021984 97.820969 
1301.950800 97.822305 
1303.879616 97.822889 
1305.808432 97.823816 
1307.737248 97.825315 
1309.666064 97.827508 
1311.594880 97.830613 
1313.523696 97.834938 
1315.452512 97.840984 
1317.381328 97.849319 
1319.310144 97.860137 
1321.238960 97.872803 
1323.167776 97.887660 
1325.096592 97.904505 
1327.025408 97.922631 
1328.954224 97.941717 
1330.883040 97.961276 
1332.811856 97.980896 
1334.740672 98.000771 
1336.669488 98.020322 
1338.598304 98.038734 
1340.527120 98.055179 
1342.455936 98.069091 
1344.384752 98.080531 
1346.313568 98.088746 
1348.242384 98.093413 
1350.171200 98.094609 
1352.100016 98.092576 
1354.028832 98.087728 
1355.957648 98.080241 
1357.886464 98.071247 
1359.815280 98.061101 
1361.744096 98.051107 
1363.672912 98.042001 
1365.601728 98.034996 
1367.530544 98.031274 
1369.459360 98.031491 
1371.388176 98.035737 
1373.316992 98.043663 
1375.245808 98.054700 
1377.174624 98.068421 
1379.103440 98.084148 
1381.032256 98.100680 
1382.961072 98.117390 
1384.889888 98.133231 
1386.818704 98.147615 
1388.747520 98.160000 
1390.676336 98.169861 
1392.605152 98.176694 
1394.533968 98.180142 
1396.462784 98.180632 
1398.391600 98.177907 
1400.320416 98.172241 
1402.249232 98.164141 
1404.178048 98.154656 
1406.106864 98.144006 
1408.035680 98.132000 
1409.964496 98.119491 
1411.893312 98.106910 
1413.822128 98.095291 
1415.750944 98.085071 
1417.679760 98.076528 
1419.608576 98.069729 
1421.537392 98.065147 
1423.466208 98.062706 
1425.395024 98.062219 
1427.323840 98.063322 
1429.252656 98.065425 
1431.181472 98.067829 
1433.110288 98.069810 
1435.039104 98.070680 
1436.967920 98.070042 
1438.896736 98.067789 
1440.825552 98.063376 
1442.754368 98.057250 
1444.683184 98.049584 
1446.612000 98.041184 
1448.540816 98.033208 
1450.469632 98.026170 
1452.398448 98.020839 
1454.327264 98.017948 
1456.256080 98.018568 
1458.184896 98.022261 
1460.113712 98.029888 
1462.042528 98.041857 
1463.971344 98.058399 
1465.900160 98.078147 
1467.828976 98.100405 
1469.757792 98.124282 
1471.686608 98.148949 
1473.615424 98.173564 
1475.544240 98.197223 
1477.473056 98.219016 
1479.401872 98.237920 
1481.330688 98.253927 
1483.259504 98.266105 
1485.188320 98.273975 
1487.117136 98.276909 
1489.045952 98.275514 
1490.974768 98.270230 
1492.903584 98.261444 
1494.832400 98.250656 
1496.761216 98.238509 
1498.690032 98.227152 
1500.618848 98.216750 
1502.547664 98.208841 
1504.476480 98.203689 
1506.405296 98.202764 
1508.334112 98.206744 
1510.262928 98.216211 
1512.191744 98.231156 
1514.120560 98.251119 
1516.049376 98.275242 
1517.978192 98.302119 
1519.907008 98.330252 
1521.835824 98.358184 
1523.764640 98.385045 
1525.693456 98.409505 
1527.622272 98.430973 
1529.551088 98.447950 
1531.479904 98.460614 
1533.408720 98.469322 
1535.337536 98.473465 
1537.266352 98.473683 
1539.195168 98.470280 
1541.123984 98.464903 
1543.052800 98.457950 
1544.981616 98.450110 
1546.910432 98.442160 
1548.839248 98.434945 
1550.768064 98.428318 
1552.696880 98.421231 
1554.625696 98.413477 
1556.554512 98.404683 
1558.483328 98.394607 
1560.412144 98.383098 
1562.340960 98.369628 
1564.269776 98.354286 
1566.198592 98.337170 
1568.127408 98.317663 
1570.056224 98.296718 
1571.985040 98.274634 
1573.913856 98.251554 
1575.842672 98.228181 
1577.771488 98.205309 
1579.700304 98.183398 
1581.629120 98.163173 
1583.557936 98.144764 
1585.486752 98.128404 
1587.415568 98.113838 
1589.344384 98.101226 
1591.273200 98.090347 
1593.202016 98.082027 
1595.130832 98.076000 
1597.059648 98.072394 
1598.988464 98.071809 
1600.917280 98.073768 
1602.846096 98.078794 
1604.774912 98.087106 
1606.703728 98.098271 
1608.632544 98.112390 
1610.561360 98.129424 
1612.490176 98.149139 
1614.418992 98.170798 
1616.347808 98.194498 
1618.276624 98.219364 
1620.205440 98.245300 
1622.134256 98.270762 
1624.063072 98.295942 
1625.991888 98.320226 
1627.920704 98.343445 
1629.849520 98.364288 
1631.778336 98.382413 
1633.707152 98.397489 
1635.635968 98.409835 
1637.564784 98.419650 
1639.493600 98.426444 
1641.422416 98.430476 
1643.351232 98.432110 
1645.280048 98.431165 
1647.208864 98.427952 
1649.137680 98.422715 
1651.066496 98.415970 
1652.995312 98.407614 
1654.924128 98.398310 
1656.852944 98.388431 
1658.781760 98.378816 
1660.710576 98.368332 
1662.639392 98.357385 
1664.568208 98.345121 
1666.497024 98.331520 
1668.425840 98.316855 
1670.354656 98.301671 
1672.283472 98.286010 
1674.212288 98.269953 
1676.141104 98.253429 
1678.069920 98.236310 
1679.998736 98.218486 
1681.927552 98.200350 
1683.856368 98.182131 
1685.785184 98.164471 
1687.714000 98.147840 
1689.642816 98.132463 
1691.571632 98.118752 
1693.500448 98.106348 
1695.429264 98.094981 
1697.358080 98.084477 
1699.286896 98.073799 
1701.215712 98.063223 
1703.144528 98.052838 
1705.073344 98.042754 
1707.002160 98.032942 
1708.930976 98.023061 
1710.859792 98.012781 
1712.788608 98.002209 
1714.717424 97.991686 
1716.646240 97.981778 
1718.575056 97.973460 
1720.503872 97.967208 
1722.432688 97.963939 
1724.361504 97.964425 
1726.290320 97.969082 
1728.219136 97.977962 
1730.147952 97.990983 
1732.076768 98.007765 
1734.005584 98.028270 
1735.934400 98.052375 
1737.863216 98.079676 
1739.792032 98.109651 
1741.720848 98.141565 
1743.649664 98.174533 
1745.578480 98.207804 
1747.507296 98.240736 
1749.436112 98.272830 
1751.364928 98.304013 
1753.293744 98.334179 
1755.222560 98.362964 
1757.151376 98.390732 
1759.080192 98.417162 
1761.009008 98.442505 
1762.937824 98.466788 
1764.866640 98.489681 
1766.795456 98.511127 
1768.724272 98.531175 
1770.653088 98.550086 
1772.581904 98.567875 
1774.510720 98.584557 
1776.439536 98.600085 
1778.368352 98.614467 
1780.297168 98.627683 
1782.225984 98.639774 
1784.154800 98.650926 
1786.083616 98.661438 
1788.012432 98.671442 
1789.941248 98.681163 
1791.870064 98.690652 
1793.798880 98.699916 
1795.727696 98.709373 
1797.656512 98.718763 
1799.585328 98.727923 
1801.514144 98.736684 
1803.442960 98.744845 
1805.371776 98.752528 
1807.300592 98.759480 
1809.229408 98.765527 
1811.158224 98.770508 
1813.087040 98.774341 
1815.015856 98.777072 
1816.944672 98.778597 
1818.873488 98.778988 
1820.802304 98.778436 
1822.731120 98.777217 
1824.659936 98.775652 
1826.588752 98.773923 
1828.517568 98.772290 
1830.446384 98.770998 
1832.375200 98.770272 
1834.304016 98.770293 
1836.232832 98.771170 
1838.161648 98.772936 
1840.090464 98.775606 
1842.019280 98.779160 
1843.948096 98.783546 
1845.876912 98.788692 
1847.805728 98.794497 
1849.734544 98.800838 
1851.663360 98.807442 
1853.592176 98.814289 
1855.520992 98.821079 
1857.449808 98.827728 
1859.378624 98.834078 
1861.307440 98.839948 
1863.236256 98.845201 
1865.165072 98.849753 
1867.093888 98.853562 
1869.022704 98.856575 
1870.951520 98.858748 
1872.880336 98.860066 
1874.809152 98.860543 
1876.737968 98.860242 
1878.666784 98.859246 
1880.595600 98.857664 
1882.524416 98.855615 
1884.453232 98.853244 
1886.382048 98.850671 
1888.310864 98.847965 
1890.239680 98.845125 
1892.168496 98.842470 
1894.097312 98.839774 
1896.026128 98.837076 
1897.954944 98.834383 
1899.883760 98.831686 
1901.812576 98.829013 
1903.741392 98.826369 
1905.670208 98.823775 
1907.599024 98.821265 
1909.527840 98.818917 
1911.456656 98.816852 
1913.385472 98.815229 
1915.314288 98.813812 
1917.243104 98.812687 
1919.171920 98.811859 
1921.100736 98.811244 
1923.029552 98.811079 
1924.958368 98.811266 
1926.887184 98.811725 
1928.816000 98.812221 
1930.744816 98.812845 
1932.673632 98.813322 
1934.602448 98.813768 
1936.531264 98.813941 
1938.460080 98.813747 
1940.388896 98.813242 
1942.317712 98.812587 
1944.246528 98.811677 
1946.175344 98.810854 
1948.104160 98.810406 
1950.032976 98.810099 
1951.961792 98.810029 
1953.890608 98.809896 
1955.819424 98.809900 
1957.748240 98.810146 
1959.677056 98.810625 
1961.605872 98.810907 
1963.534688 98.810798 
1965.463504 98.810187 
1967.392320 98.809246 
1969.321136 98.808136 
1971.249952 98.806391 
1973.178768 98.804107 
1975.107584 98.801272 
1977.036400 98.798062 
1978.965216 98.794570 
1980.894032 98.791277 
1982.822848 98.788460 
1984.751664 98.786452 
1986.680480 98.785379 
1988.609296 98.785047 
1990.538112 98.785756 
1992.466928 98.787434 
1994.395744 98.789741 
1996.324560 98.791997 
1998.253376 98.794463 
2000.182192 98.797235 
2002.111008 98.800684 
2004.039824 98.803995 
2005.968640 98.806665 
2007.897456 98.808591 
2009.826272 98.809857 
2011.755088 98.810493 
2013.683904 98.810253 
2015.612720 98.809075 
2017.541536 98.807228 
2019.470352 98.805096 
2021.399168 98.802678 
2023.327984 98.799822 
2025.256800 98.796831 
2027.185616 98.793723 
2029.114432 98.790713 
2031.043248 98.788323 
2032.972064 98.786741 
2034.900880 98.785835 
2036.829696 98.785791 
2038.758512 98.786356 
2040.687328 98.786975 
2042.616144 98.787383 
2044.544960 98.788039 
2046.473776 98.788830 
2048.402592 98.789054 
2050.331408 98.788169 
2052.260224 98.786133 
2054.189040 98.783021 
2056.117856 98.778777 
2058.046672 98.772976 
2059.975488 98.765875 
2061.904304 98.758388 
2063.833120 98.751459 
2065.761936 98.745462 
2067.690752 98.740379 
2069.619568 98.736188 
2071.548384 98.732768 
2073.477200 98.730036 
2075.406016 98.727925 
2077.334832 98.726942 
2079.263648 98.727471 
2081.192464 98.729307 
2083.121280 98.731874 
2085.050096 98.734732 
2086.978912 98.737571 
2088.907728 98.739895 
2090.836544 98.741386 
2092.765360 98.741765 
2094.694176 98.741250 
2096.622992 98.739943 
2098.551808 98.738213 
2100.480624 98.736368 
2102.409440 98.733847 
2104.338256 98.730464 
2106.267072 98.726226 
2108.195888 98.721736 
2110.124704 98.717874 
2112.053520 98.714742 
2113.982336 98.712169 
2115.911152 98.710336 
2117.839968 98.709653 
2119.768784 98.709662 
2121.697600 98.709991 
2123.626416 98.710466 
2125.555232 98.710453 
2127.484048 98.709643 
2129.412864 98.708301 
2131.341680 98.706480 
2133.270496 98.704740 
2135.199312 98.702742 
2137.128128 98.700145 
2139.056944 98.697800 
2140.985760 98.696562 
2142.914576 98.697054 
2144.843392 98.699462 
2146.772208 98.703789 
2148.701024 98.709468 
2150.629840 98.715880 
2152.558656 98.723081 
2154.487472 98.730892 
2156.416288 98.739228 
2158.345104 98.747303 
2160.273920 98.754605 
2162.202736 98.761138 
2164.131552 98.766699 
2166.060368 98.771099 
2167.989184 98.774342 
2169.918000 98.776570 
2171.846816 98.778063 
2173.775632 98.779449 
2175.704448 98.781466 
2177.633264 98.784454 
2179.562080 98.788338 
2181.490896 98.792669 
2183.419712 98.796914 
2185.348528 98.800901 
2187.277344 98.804719 
2189.206160 98.808723 
2191.134976 98.813099 
2193.063792 98.817531 
2194.992608 98.822236 
2196.921424 98.826746 
2198.850240 98.830749 
2200.779056 98.834354 
2202.707872 98.837518 
2204.636688 98.840227 
2206.565504 98.842379 
2208.494320 98.843942 
2210.423136 98.844604 
2212.351952 98.844492 
2214.280768 98.843311 
2216.209584 98.840712 
2218.138400 98.837094 
2220.067216 98.832816 
2221.996032 98.828199 
2223.924848 98.824321 
2225.853664 98.822009 
2227.782480 98.821379 
2229.711296 98.822731 
2231.640112 98.825680 
2233.568928 98.830022 
2235.497744 98.835647 
2237.426560 98.842576 
2239.355376 98.850927 
2241.284192 98.860139 
2243.213008 98.869265 
2245.141824 98.877609 
2247.070640 98.884584 
2248.999456 98.889696 
2250.928272 98.892990 
2252.857088 98.894458 
2254.785904 98.894205 
2256.714720 98.892539 
2258.643536 98.890223 
2260.572352 98.887760 
2262.501168 98.885637 
2264.429984 98.884039 
2266.358800 98.882382 
2268.287616 98.880788 
2270.216432 98.879304 
2272.145248 98.878346 
2274.074064 98.878449 
2276.002880 98.879421 
2277.931696 98.881268 
2279.860512 98.883332 
2281.789328 98.885840 
2283.718144 98.889707 
2285.646960 98.894296 
2287.575776 98.898391 
2289.504592 98.901335 
2291.433408 98.903867 
2293.362224 98.906112 
2295.291040 98.907380 
2297.219856 98.907259 
2299.148672 98.905178 
2301.077488 98.900842 
2303.006304 98.894674 
2304.935120 98.886586 
2306.863936 98.877020 
2308.792752 98.866385 
2310.721568 98.854883 
2312.650384 98.843242 
2314.579200 98.832378 
2316.508016 98.824912 
2318.436832 98.821223 
2320.365648 98.820386 
2322.294464 98.822577 
2324.223280 98.827747 
2326.152096 98.835250 
2328.080912 98.844838 
2330.009728 98.855906 
2331.938544 98.866537 
2333.867360 98.875328 
2335.796176 98.881714 
2337.724992 98.885701 
2339.653808 98.887438 
2341.582624 98.886889 
2343.511440 98.882991 
2345.440256 98.875152 
2347.369072 98.864393 
2349.297888 98.852527 
2351.226704 98.841925 
2353.155520 98.833639 
2355.084336 98.829049 
2357.013152 98.828256 
2358.941968 98.830508 
2360.870784 98.836489 
2362.799600 98.846818 
2364.728416 98.859456 
2366.657232 98.873000 
2368.586048 98.886448 
2370.514864 98.899495 
2372.443680 98.912554 
2374.372496 98.925671 
2376.301312 98.937992 
2378.230128 98.948373 
2380.158944 98.955831 
2382.087760 98.960529 
2384.016576 98.963172 
2385.945392 98.965037 
2387.874208 98.966580 
2389.803024 98.967952 
2391.731840 98.968980 
2393.660656 98.970166 
2395.589472 98.971921 
2397.518288 98.972831 
2399.447104 98.972257 
2401.375920 98.970655 
2403.304736 98.967775 
2405.233552 98.964521 
2407.162368 98.961910 
2409.091184 98.960642 
2411.020000 98.960825 
2412.948816 98.961835 
2414.877632 98.962840 
2416.806448 98.963709 
2418.735264 98.964266 
2420.664080 98.964752 
2422.592896 98.964866 
2424.521712 98.964866 
2426.450528 98.964701 
2428.379344 98.963853 
2430.308160 98.962053 
2432.236976 98.958973 
2434.165792 98.954501 
2436.094608 98.948830 
2438.023424 98.942887 
2439.952240 98.937658 
2441.881056 98.934400 
2443.809872 98.933742 
2445.738688 98.935460 
2447.667504 98.938679 
2449.596320 98.942479 
2451.525136 98.946361 
2453.453952 98.949784 
2455.382768 98.952595 
2457.311584 98.954823 
2459.240400 98.956417 
2461.169216 98.957206 
2463.098032 98.957439 
2465.026848 98.956754 
2466.955664 98.954438 
2468.884480 98.950569 
2470.813296 98.945824 
2472.742112 98.941368 
2474.670928 98.938586 
2476.599744 98.938546 
2478.528560 98.941071 
2480.457376 98.945622 
2482.386192 98.951053 
2484.315008 98.956783 
2486.243824 98.962479 
2488.172640 98.967544 
2490.101456 98.971925 
2492.030272 98.975626 
2493.959088 98.978534 
2495.887904 98.980370 
2497.816720 98.980548 
2499.745536 98.978756 
2501.674352 98.975205 
2503.603168 98.969806 
2505.531984 98.962688 
2507.460800 98.954706 
2509.389616 98.947120 
2511.318432 98.940839 
2513.247248 98.936201 
2515.176064 98.932766 
2517.104880 98.929954 
2519.033696 98.928075 
2520.962512 98.927431 
2522.891328 98.928217 
2524.820144 98.930229 
2526.748960 98.932858 
2528.677776 98.935732 
2530.606592 98.938310 
2532.535408 98.939963 
2534.464224 98.940662 
2536.393040 98.939961 
2538.321856 98.937453 
2540.250672 98.933837 
2542.179488 98.929569 
2544.108304 98.925421 
2546.037120 98.922131 
2547.965936 98.920257 
2549.894752 98.919884 
2551.823568 98.921161 
2553.752384 98.924701 
2555.681200 98.930939 
2557.610016 98.939774 
2559.538832 98.950158 
2561.467648 98.960776 
2563.396464 98.971088 
2565.325280 98.980561 
2567.254096 98.988392 
2569.182912 98.994320 
2571.111728 98.997808 
2573.040544 98.998436 
2574.969360 98.996616 
2576.898176 98.993005 
2578.826992 98.988349 
2580.755808 98.982788 
2582.684624 98.976593 
2584.613440 98.969947 
2586.542256 98.963535 
2588.471072 98.958273 
2590.399888 98.954485 
2592.328704 98.952517 
2594.257520 98.951610 
2596.186336 98.950949 
2598.115152 98.950505 
2600.043968 98.950319 
2601.972784 98.950368 
2603.901600 98.950585 
2605.830416 98.950904 
2607.759232 98.951511 
2609.688048 98.952443 
2611.616864 98.953345 
2613.545680 98.954086 
2615.474496 98.954560 
2617.403312 98.954424 
2619.332128 98.953767 
2621.260944 98.953218 
2623.189760 98.952709 
2625.118576 98.952629 
2627.047392 98.953552 
2628.976208 98.954725 
2630.905024 98.955759 
2632.833840 98.956558 
2634.762656 98.957660 
2636.691472 98.959218 
2638.620288 98.961009 
2640.549104 98.963186 
2642.477920 98.965739 
2644.406736 98.968370 
2646.335552 98.970873 
2648.264368 98.972578 
2650.193184 98.973062 
2652.122000 98.972589 
2654.050816 98.971709 
2655.979632 98.970455 
2657.908448 98.968468 
2659.837264 98.965718 
2661.766080 98.962297 
2663.694896 98.958736 
2665.623712 98.955292 
2667.552528 98.951791 
2669.481344 98.948854 
2671.410160 98.946952 
2673.338976 98.946287 
2675.267792 98.946686 
2677.196608 98.948316 
2679.125424 98.951015 
2681.054240 98.954035 
2682.983056 98.956643 
2684.911872 98.958903 
2686.840688 98.960515 
2688.769504 98.961559 
2690.698320 98.961573 
2692.627136 98.959299 
2694.555952 98.954648 
2696.484768 98.948404 
2698.413584 98.941123 
2700.342400 98.933502 
2702.271216 98.925975 
2704.200032 98.918973 
2706.128848 98.913212 
2708.057664 98.909062 
2709.986480 98.906499 
2711.915296 98.906104 
2713.844112 98.907754 
2715.772928 98.910898 
2717.701744 98.914817 
2719.630560 98.918545 
2721.559376 98.921968 
2723.488192 98.925492 
2725.417008 98.928465 
2727.345824 98.930352 
2729.274640 98.931133 
2731.203456 98.931093 
2733.132272 98.931284 
2735.061088 98.932169 
2736.989904 98.932587 
2738.918720 98.933112 
2740.847536 98.934638 
2742.776352 98.937356 
2744.705168 98.941324 
2746.633984 98.946506 
2748.562800 98.952426 
2750.491616 98.958121 
2752.420432 98.962478 
2754.349248 98.965044 
2756.278064 98.966255 
2758.206880 98.966277 
2760.135696 98.965702 
2762.064512 98.964367 
2763.993328 98.961706 
2765.922144 98.958222 
2767.850960 98.954455 
2769.779776 98.950070 
2771.708592 98.945505 
2773.637408 98.941662 
2775.566224 98.938273 
2777.495040 98.936157 
2779.423856 98.935792 
2781.352672 98.936951 
2783.281488 98.939129 
2785.210304 98.941422 
2787.139120 98.943255 
2789.067936 98.945191 
2790.996752 98.947896 
2792.925568 98.950675 
2794.854384 98.953253 
2796.783200 98.955306 
2798.712016 98.956622 
2800.640832 98.956696 
2802.569648 98.955456 
2804.498464 98.953509 
2806.427280 98.951471 
2808.356096 98.948893 
2810.284912 98.945984 
2812.213728 98.943107 
2814.142544 98.939107 
2816.071360 98.934087 
2818.000176 98.928502 
2819.928992 98.922086 
2821.857808 98.915459 
2823.786624 98.909306 
2825.715440 98.904511 
2827.644256 98.902045 
2829.573072 98.901978 
2831.501888 98.903880 
2833.430704 98.908088 
2835.359520 98.915116 
2837.288336 98.925295 
2839.217152 98.938387 
2841.145968 98.954260 
2843.074784 98.971869 
2845.003600 98.989360 
2846.932416 99.004361 
2848.861232 99.015398 
2850.790048 99.022480 
2852.718864 99.025076 
2854.647680 99.022356 
2856.576496 99.014405 
2858.505312 99.001401 
2860.434128 98.984717 
2862.362944 98.964947 
2864.291760 98.942765 
2866.220576 98.919662 
2868.149392 98.897166 
2870.078208 98.876604 
2872.007024 98.858989 
2873.935840 98.845019 
2875.864656 98.835241 
2877.793472 98.829200 
2879.722288 98.826193 
2881.651104 98.824955 
2883.579920 98.824580 
2885.508736 98.825741 
2887.437552 98.828584 
2889.366368 98.832383 
2891.295184 98.836626 
2893.224000 98.841565 
2895.152816 98.848684 
2897.081632 98.858609 
2899.010448 98.872332 
2900.939264 98.890564 
2902.868080 98.914725 
2904.796896 98.945146 
2906.725712 98.980704 
2908.654528 99.020520 
2910.583344 99.063322 
2912.512160 99.107262 
2914.440976 99.150249 
2916.369792 99.189342 
2918.298608 99.222787 
2920.227424 99.249307 
2922.156240 99.267043 
2924.085056 99.274993 
2926.013872 99.272285 
2927.942688 99.259701 
2929.871504 99.239165 
2931.800320 99.211982 
2933.729136 99.180403 
2935.657952 99.146897 
2937.586768 99.113994 
2939.515584 99.083711 
2941.444400 99.057089 
2943.373216 99.034335 
2945.302032 99.015182 
2947.230848 99.000471 
2949.159664 98.990273 
2951.088480 98.983580 
2953.017296 98.979794 
2954.946112 98.977745 
2956.874928 98.976998 
2958.803744 98.976656 
2960.732560 98.975400 
2962.661376 98.973768 
2964.590192 98.972284 
2966.519008 98.970806 
2968.447824 98.969003 
2970.376640 98.966737 
2972.305456 98.965251 
2974.234272 98.964922 
2976.163088 98.963780 
2978.091904 98.961191 
2980.020720 98.957670 
2981.949536 98.954058 
2983.878352 98.949743 
2985.807168 98.944369 
2987.735984 98.938016 
2989.664800 98.931222 
2991.593616 98.924706 
2993.522432 98.917664 
2995.451248 98.910352 
2997.380064 98.903210 
2999.308880 98.896795 
3001.237696 98.891912 
3003.166512 98.889036 
3005.095328 98.888287 
3007.024144 98.889698 
3008.952960 98.892859 
3010.881776 98.897488 
3012.810592 98.903570 
3014.739408 98.909841 
3016.668224 98.916581 
3018.597040 98.923475 
3020.525856 98.929279 
3022.454672 98.933823 
3024.383488 98.937711 
3026.312304 98.940759 
3028.241120 98.942743 
3030.169936 98.943016 
3032.098752 98.941388 
3034.027568 98.940090 
3035.956384 98.938953 
3037.885200 98.937095 
3039.814016 98.934740 
3041.742832 98.932714 
3043.671648 98.930543 
3045.600464 98.928048 
3047.529280 98.925660 
3049.458096 98.922925 
3051.386912 98.919665 
3053.315728 98.914982 
3055.244544 98.908941 
3057.173360 98.902372 
3059.102176 98.895913 
3061.030992 98.889782 
3062.959808 98.883691 
3064.888624 98.876656 
3066.817440 98.869104 
3068.746256 98.861636 
3070.675072 98.853441 
3072.603888 98.844666 
3074.532704 98.834950 
3076.461520 98.824709 
3078.390336 98.815030 
3080.319152 98.806578 
3082.247968 98.798331 
3084.176784 98.789035 
3086.105600 98.778309 
3088.034416 98.766639 
3089.963232 98.754800 
3091.892048 98.742887 
3093.820864 98.731818 
3095.749680 98.722291 
3097.678496 98.714978 
3099.607312 98.709958 
3101.536128 98.706370 
3103.464944 98.702742 
3105.393760 98.698576 
3107.322576 98.693550 
3109.251392 98.687948 
3111.180208 98.682876 
3113.109024 98.678178 
3115.037840 98.672890 
3116.966656 98.665537 
3118.895472 98.654998 
3120.824288 98.641516 
3122.753104 98.626065 
3124.681920 98.609752 
3126.610736 98.592885 
3128.539552 98.575692 
3130.468368 98.559066 
3132.397184 98.545423 
3134.326000 98.535341 
3136.254816 98.528150 
3138.183632 98.522596 
3140.112448 98.517665 
3142.041264 98.513541 
3143.970080 98.510976 
3145.898896 98.509053 
3147.827712 98.507420 
3149.756528 98.505688 
3151.685344 98.502352 
3153.614160 98.497188 
3155.542976 98.490713 
3157.471792 98.482872 
3159.400608 98.474518 
3161.329424 98.465969 
3163.258240 98.456863 
3165.187056 98.447591 
3167.115872 98.440208 
3169.044688 98.435082 
3170.973504 98.431756 
3172.902320 98.429327 
3174.831136 98.427212 
3176.759952 98.425533 
3178.688768 98.424361 
3180.617584 98.423611 
3182.546400 98.423301 
3184.475216 98.421696 
3186.404032 98.418377 
3188.332848 98.413972 
3190.261664 98.407744 
3192.190480 98.400092 
3194.119296 98.392398 
3196.048112 98.384443 
3197.976928 98.375525 
3199.905744 98.365821 
3201.834560 98.356343 
3203.763376 98.347530 
3205.692192 98.339478 
3207.621008 98.331840 
3209.549824 98.324382 
3211.478640 98.316612 
3213.407456 98.308239 
3215.336272 98.299319 
3217.265088 98.289926 
3219.193904 98.279033 
3221.122720 98.265785 
3223.051536 98.249121 
3224.980352 98.229561 
3226.909168 98.208818 
3228.837984 98.187795 
3230.766800 98.167431 
3232.695616 98.149127 
3234.624432 98.134003 
3236.553248 98.122030 
3238.482064 98.114103 
3240.410880 98.111158 
3242.339696 98.112130 
3244.268512 98.115916 
3246.197328 98.121032 
3248.126144 98.124979 
3250.054960 98.126968 
3251.983776 98.128111 
3253.912592 98.127621 
3255.841408 98.124016 
3257.770224 98.115507 
3259.699040 98.102281 
3261.627856 98.086054 
3263.556672 98.068147 
3265.485488 98.049175 
3267.414304 98.031377 
3269.343120 98.016708 
3271.271936 98.006300 
3273.200752 98.001104 
3275.129568 98.000508 
3277.058384 98.003561 
3278.987200 98.008503 
3280.916016 98.012727 
3282.844832 98.014775 
3284.773648 98.015590 
3286.702464 98.015376 
3288.631280 98.013616 
3290.560096 98.009347 
3292.488912 98.001188 
3294.417728 97.989858 
3296.346544 97.976238 
3298.275360 97.960791 
3300.204176 97.944573 
3302.132992 97.928979 
3304.061808 97.913824 
3305.990624 97.900440 
3307.919440 97.889224 
3309.848256 97.881078 
3311.777072 97.876175 
3313.705888 97.872234 
3315.634704 97.868644 
3317.563520 97.865517 
3319.492336 97.863573 
3321.421152 97.863452 
3323.349968 97.865586 
3325.278784 97.868650 
3327.207600 97.871630 
3329.136416 97.873607 
3331.065232 97.873757 
3332.994048 97.872592 
3334.922864 97.869340 
3336.851680 97.861915 
3338.780496 97.849589 
3340.709312 97.833398 
3342.638128 97.813855 
3344.566944 97.793783 
3346.495760 97.773666 
3348.424576 97.752969 
3350.353392 97.732917 
3352.282208 97.714781 
3354.211024 97.701181 
3356.139840 97.693002 
3358.068656 97.688200 
3359.997472 97.685767 
3361.926288 97.686852 
3363.855104 97.691790 
3365.783920 97.698485 
3367.712736 97.705174 
3369.641552 97.711728 
3371.570368 97.717740 
3373.499184 97.723017 
3375.428000 97.726873 
3377.356816 97.730026 
3379.285632 97.735043 
3381.214448 97.741846 
3383.143264 97.749538 
3385.072080 97.757281 
3387.000896 97.765979 
3388.929712 97.777119 
3390.858528 97.788638 
3392.787344 97.798349 
3394.716160 97.806202 
3396.644976 97.811067 
3398.573792 97.812666 
3400.502608 97.810036 
3402.431424 97.803258 
3404.360240 97.794302 
3406.289056 97.784940 
3408.217872 97.776431 
3410.146688 97.768585 
3412.075504 97.763417 
3414.004320 97.762347 
3415.933136 97.765478 
3417.861952 97.771866 
3419.790768 97.779967 
3421.719584 97.790643 
3423.648400 97.803551 
3425.577216 97.816332 
3427.506032 97.827832 
3429.434848 97.838338 
3431.363664 97.847618 
3433.292480 97.855432 
3435.221296 97.860121 
3437.150112 97.861812 
3439.078928 97.861742 
3441.007744 97.860533 
3442.936560 97.858973 
3444.865376 97.857144 
3446.794192 97.855626 
3448.723008 97.854204 
3450.651824 97.853084 
3452.580640 97.851309 
3454.509456 97.849091 
3456.438272 97.847180 
3458.367088 97.845686 
3460.295904 97.846112 
3462.224720 97.850213 
3464.153536 97.859183 
3466.082352 97.872302 
3468.011168 97.889842 
3469.939984 97.911255 
3471.868800 97.936324 
3473.797616 97.964093 
3475.726432 97.993448 
3477.655248 98.023338 
3479.584064 98.051507 
3481.512880 98.077411 
3483.441696 98.100814 
3485.370512 98.120573 
3487.299328 98.135062 
3489.228144 98.143881 
3491.156960 98.147759 
3493.085776 98.149007 
3495.014592 98.148357 
3496.943408 98.145645 
3498.872224 98.142731 
3500.801040 98.141369 
3502.729856 98.142229 
3504.658672 98.143671 
3506.587488 98.146977 
3508.516304 98.152006 
3510.445120 98.156997 
3512.373936 98.160700 
3514.302752 98.163339 
3516.231568 98.166202 
3518.160384 98.168821 
3520.089200 98.170453 
3522.018016 98.171082 
3523.946832 98.171387 
3525.875648 98.173018 
3527.804464 98.177127 
3529.733280 98.183648 
3531.662096 98.193154 
3533.590912 98.206282 
3535.519728 98.221936 
3537.448544 98.240817 
3539.377360 98.263007 
3541.306176 98.287090 
3543.234992 98.310523 
3545.163808 98.332303 
3547.092624 98.351542 
3549.021440 98.367544 
3550.950256 98.380093 
3552.879072 98.388894 
3554.807888 98.394407 
3556.736704 98.396845 
3558.665520 98.396504 
3560.594336 98.394395 
3562.523152 98.392635 
3564.451968 98.392716 
3566.380784 98.394641 
3568.309600 98.397372 
3570.238416 98.402170 
3572.167232 98.410819 
3574.096048 98.422106 
3576.024864 98.435577 
3577.953680 98.450532 
3579.882496 98.466310 
3581.811312 98.483366 
3583.740128 98.501193 
3585.668944 98.519065 
3587.597760 98.536436 
3589.526576 98.552747 
3591.455392 98.567467 
3593.384208 98.580464 
3595.313024 98.591734 
3597.241840 98.601676 
3599.170656 98.611106 
3601.099472 98.618849 
3603.028288 98.624249 
3604.957104 98.628883 
3606.885920 98.632916 
3608.814736 98.637883 
3610.743552 98.644325 
3612.672368 98.651107 
3614.601184 98.659093 
3616.530000 98.669581 
3618.458816 98.681890 
3620.387632 98.695402 
3622.316448 98.709734 
3624.245264 98.724002 
3626.174080 98.737645 
3628.102896 98.750412 
3630.031712 98.762286 
3631.960528 98.773645 
3633.889344 98.784793 
3635.818160 98.794840 
3637.746976 98.804887 
3639.675792 98.814555 
3641.604608 98.824907 
3643.533424 98.837739 
3645.462240 98.852879 
3647.391056 98.870418 
3649.319872 98.890468 
3651.248688 98.912839 
3653.177504 98.937168 
3655.106320 98.962924 
3657.035136 98.989385 
3658.963952 99.015583 
3660.892768 99.041053 
3662.821584 99.065457 
3664.750400 99.088779 
3666.679216 99.111169 
3668.608032 99.132673 
3670.536848 99.153436 
3672.465664 99.173425 
3674.394480 99.192535 
3676.323296 99.212383 
3678.252112 99.232848 
3680.180928 99.253102 
3682.109744 99.274883 
3684.038560 99.297909 
3685.967376 99.321831 
3687.896192 99.346201 
3689.825008 99.370484 
3691.753824 99.394292 
3693.682640 99.417324 
3695.611456 99.439038 
3697.540272 99.459024 
3699.469088 99.477114 
3701.397904 99.493208 
3703.326720 99.506996 
3705.255536 99.518595 
3707.184352 99.528096 
3709.113168 99.535613 
3711.041984 99.541228 
3712.970800 99.545224 
3714.899616 99.548175 
3716.828432 99.551759 
3718.757248 99.555184 
3720.686064 99.559865 
3722.614880 99.564741 
3724.543696 99.570036 
3726.472512 99.576221 
3728.401328 99.583056 
3730.330144 99.590629 
3732.258960 99.598849 
3734.187776 99.607503 
3736.116592 99.616488 
3738.045408 99.625176 
3739.974224 99.634366 
3741.903040 99.643551 
3743.831856 99.652219 
3745.760672 99.659989 
3747.689488 99.666819 
3749.618304 99.672832 
3751.547120 99.678213 
3753.475936 99.682533 
3755.404752 99.686169 
3757.333568 99.687525 
3759.262384 99.687335 
3761.191200 99.685640 
3763.120016 99.682142 
3765.048832 99.677214 
3766.977648 99.670462 
3768.906464 99.662499 
3770.835280 99.653865 
3772.764096 99.644956 
3774.692912 99.636603 
3776.621728 99.628275 
3778.550544 99.620888 
3780.479360 99.613914 
3782.408176 99.607696 
3784.336992 99.602726 
3786.265808 99.599326 
3788.194624 99.597387 
3790.123440 99.597543 
3792.052256 99.599450 
3793.981072 99.603390 
3795.909888 99.608665 
3797.838704 99.614750 
3799.767520 99.621271 
3801.696336 99.628013 
3803.625152 99.635440 
3805.553968 99.643275 
3807.482784 99.651468 
3809.411600 99.659448 
3811.340416 99.667757 
3813.269232 99.676114 
3815.198048 99.683411 
3817.126864 99.690221 
3819.055680 99.696719 
3820.984496 99.703161 
3822.913312 99.709663 
3824.842128 99.716099 
3826.770944 99.722225 
3828.699760 99.728029 
3830.628576 99.732570 
3832.557392 99.735465 
3834.486208 99.736461 
3836.415024 99.735560 
3838.343840 99.732922 
3840.272656 99.728957 
3842.201472 99.722858 
3844.130288 99.714738 
3846.059104 99.705458 
3847.987920 99.694834 
3849.916736 99.684305 
3851.845552 99.673983 
3853.774368 99.664323 
3855.703184 99.655920 
3857.632000 99.649083 
3859.560816 99.644036 
3861.489632 99.640909 
3863.418448 99.639576 
3865.347264 99.639877 
3867.276080 99.641704 
3869.204896 99.644922 
3871.133712 99.649267 
3873.062528 99.654052 
3874.991344 99.659467 
3876.920160 99.664280 
3878.848976 99.668723 
3880.777792 99.672184 
3882.706608 99.675570 
3884.635424 99.679243 
3886.564240 99.682550 
3888.493056 99.685957 
3890.421872 99.689444 
3892.350688 99.692949 
3894.279504 99.696795 
3896.208320 99.701252 
3898.137136 99.706665 
3900.065952 99.713214 
3901.994768 99.721261 
3903.923584 99.730662 
3905.852400 99.741153 
3907.781216 99.752383 
3909.710032 99.764623 
3911.638848 99.776895 
3913.567664 99.789260 
3915.496480 99.800773 
3917.425296 99.811992 
3919.354112 99.822266 
3921.282928 99.831285 
3923.211744 99.838542 
3925.140560 99.843264 
3927.069376 99.845780 
3928.998192 99.846599 
3930.927008 99.845538 
3932.855824 99.842826 
3934.784640 99.838248 
3936.713456 99.831636 
3938.642272 99.823460 
3940.571088 99.814819 
3942.499904 99.805892 
3944.428720 99.798515 
3946.357536 99.793729 
3948.286352 99.792267 
3950.215168 99.794095 
3952.143984 99.798230 
3954.072800 99.803491 
3956.001616 99.809835 
3957.930432 99.816944 
3959.859248 99.824162 
3961.788064 99.831544 
3963.716880 99.838748 
3965.645696 99.845049 
3967.574512 99.849530 
3969.503328 99.850701 
3971.432144 99.848177 
3973.360960 99.842387 
3975.289776 99.834023 
3977.218592 99.824379 
3979.147408 99.815580 
3981.076224 99.808023 
3983.005040 99.802865 
3984.933856 99.799001 
3986.862672 99.795217 
3988.791488 99.791890 
3990.720304 99.789928 
3992.649120 99.789210 
3994.577936 99.789536 
3996.506752 99.791049 
3998.435568 99.793754 
4000.364384 99.797077 